[0.3912957363714218, 0.32992690625528354, 0.3400944857780266]
[0.32992690625528354, 0.3400944857780266, 0.3254086467816504]
[0.3400944857780266, 0.3254086467816504, 0.3454123659830324]
[0.3254086467816504, 0.3454123659830324, 0.33851418495737684]
[0.3454123659830324, 0.33851418495737684, 0.33466927926649914]
[0.33851418495737684, 0.33466927926649914, 0.3401226814680577]
[0.33466927926649914, 0.3401226814680577, 0.3221883404902619]
[0.3401226814680577, 0.3221883404902619, 0.33546536743389593]
[0.3221883404902619, 0.33546536743389593, 0.3462479906170285]
[0.33546536743389593, 0.3462479906170285, 0.3551468306968675]
[0.3462479906170285, 0.3551468306968675, 0.34128403321286294]
[0.3551468306968675, 0.34128403321286294, 0.35304039029286305]
[0.34128403321286294, 0.35304039029286305, 0.34876416736188165]
[0.35304039029286305, 0.34876416736188165, 0.36617177809134]
[0.34876416736188165, 0.36617177809134, 0.33631220427940767]
[0.36617177809134, 0.33631220427940767, 0.3614840508637772]
[0.33631220427940767, 0.3614840508637772, 0.3469020360493268]
[0.3614840508637772, 0.3469020360493268, 0.32942725868972533]
[0.3469020360493268, 0.32942725868972533, 0.34625834816967377]
[0.32942725868972533, 0.34625834816967377, 0.3439132232365491]
[0.34625834816967377, 0.3439132232365491, 0.34773208876888867]
[0.3439132232365491, 0.34773208876888867, 0.31962707104221033]
[0.34773208876888867, 0.31962707104221033, 0.3426963927510194]
[0.31962707104221033, 0.3426963927510194, 0.3182101994342026]
[0.3426963927510194, 0.3182101994342026, 0.3285165421205667]
[0.3182101994342026, 0.3285165421205667, 0.31121902820779135]
[0.3285165421205667, 0.31121902820779135, 0.33546536743389593]
[0.31121902820779135, 0.33546536743389593, 0.33322465164261184]
[0.33546536743389593, 0.33322465164261184, 0.32242079400688956]
[0.33322465164261184, 0.32242079400688956, 0.32692031072431116]
[0.32242079400688956, 0.32692031072431116, 0.33887606514962687]
[0.32692031072431116, 0.33887606514962687, 0.3330941544102787]
[0.33887606514962687, 0.3330941544102787, 0.32523239279489563]
[0.3330941544102787, 0.32523239279489563, 0.3342443616649662]
[0.32523239279489563, 0.3342443616649662, 0.34443536674041514]
[0.3342443616649662, 0.34443536674041514, 0.34871302438040597]
[0.34443536674041514, 0.34871302438040597, 0.35817266859676616]
[0.34871302438040597, 0.35817266859676616, 0.3384629718030008]
[0.35817266859676616, 0.3384629718030008, 0.36222663818583106]
[0.3384629718030008, 0.36222663818583106, 0.3397484120920167]
[0.36222663818583106, 0.3397484120920167, 0.3486532277979365]
[0.3397484120920167, 0.3486532277979365, 0.32282288516842583]
[0.3486532277979365, 0.32282288516842583, 0.32887197753725395]
[0.32282288516842583, 0.32887197753725395, 0.3372299319008619]
[0.32887197753725395, 0.3372299319008619, 0.3293843470682954]
[0.3372299319008619, 0.3293843470682954, 0.34026115395449885]
[0.3293843470682954, 0.34026115395449885, 0.3392368067772616]
[0.34026115395449885, 0.3392368067772616, 0.32615495460679345]
[0.3392368067772616, 0.32615495460679345, 0.34669745348704817]
[0.32615495460679345, 0.34669745348704817, 0.32172217145475285]
[0.34669745348704817, 0.32172217145475285, 0.3231140822654625]
[0.32172217145475285, 0.3231140822654625, 0.3451724068721571]
[0.3231140822654625, 0.3451724068721571, 0.3502458428092349]
[0.3451724068721571, 0.3502458428092349, 0.34554758228935706]
[0.3502458428092349, 0.34554758228935706, 0.3480672155747557]
[0.34554758228935706, 0.3480672155747557, 0.33972226910765213]
[0.3480672155747557, 0.33972226910765213, 0.3461394737575903]
[0.33972226910765213, 0.3461394737575903, 0.32636720902165745]
[0.3461394737575903, 0.32636720902165745, 0.3359817270607295]
[0.32636720902165745, 0.3359817270607295, 0.3457645218362069]
[0.3359817270607295, 0.3457645218362069, 0.36689339743096083]
[0.3457645218362069, 0.36689339743096083, 0.3570752069090782]
[0.36689339743096083, 0.3570752069090782, 0.34640444975889584]
[0.3570752069090782, 0.34640444975889584, 0.34620166418592885]
[0.34640444975889584, 0.34620166418592885, 0.35366339620061477]
[0.34620166418592885, 0.35366339620061477, 0.3610506977505584]
[0.35366339620061477, 0.3610506977505584, 0.3593336951738273]
[0.3610506977505584, 0.3593336951738273, 0.35499025559799446]
[0.3593336951738273, 0.35499025559799446, 0.3613660143229025]
[0.35499025559799446, 0.3613660143229025, 0.33720214792951414]
[0.3613660143229025, 0.33720214792951414, 0.33247464514933883]
[0.33720214792951414, 0.33247464514933883, 0.3382392233726292]
[0.33247464514933883, 0.3382392233726292, 0.32862224914737276]
[0.3382392233726292, 0.32862224914737276, 0.35885421624673675]
[0.32862224914737276, 0.35885421624673675, 0.3620700630869581]
[0.35885421624673675, 0.3620700630869581, 0.3461848212450302]
[0.3620700630869581, 0.3461848212450302, 0.33714253210973655]
[0.3461848212450302, 0.33714253210973655, 0.3566135015112797]
[0.33714253210973655, 0.3566135015112797, 0.36037006849917524]
[0.3566135015112797, 0.36037006849917524, 0.35039736709846675]
[0.36037006849917524, 0.35039736709846675, 0.3461872150908992]
[0.35039736709846675, 0.3461872150908992, 0.3470042579989635]
[0.3461872150908992, 0.3470042579989635, 0.33739011323108536]
[0.3470042579989635, 0.33739011323108536, 0.3645745820039779]
[0.33739011323108536, 0.3645745820039779, 0.3314270231334533]
[0.3645745820039779, 0.3314270231334533, 0.366361915067118]
[0.3314270231334533, 0.366361915067118, 0.368685753677548]
[0.366361915067118, 0.368685753677548, 0.3484876102210003]
[0.368685753677548, 0.3484876102210003, 0.3609700775198273]
[0.3484876102210003, 0.3609700775198273, 0.34652367950872653]
[0.3609700775198273, 0.34652367950872653, 0.34871302438040597]
[0.34652367950872653, 0.34871302438040597, 0.3575817068616659]
[0.34871302438040597, 0.3575817068616659, 0.36527913427287184]
[0.3575817068616659, 0.36527913427287184, 0.338245652968173]
[0.36527913427287184, 0.338245652968173, 0.34371418690912287]
[0.338245652968173, 0.34371418690912287, 0.3358461165967795]
[0.34371418690912287, 0.3358461165967795, 0.3461848212450302]
[0.3358461165967795, 0.3461848212450302, 0.3598262482061557]
[0.3461848212450302, 0.3598262482061557, 0.3383545554553725]
[0.3598262482061557, 0.3383545554553725, 0.3606519846013023]
[0.3383545554553725, 0.3606519846013023, 0.3545375851566438]
[0.3606519846013023, 0.3545375851566438, 0.35223761571713647]
[0.3545375851566438, 0.35223761571713647, 0.353790449184348]
[0.35223761571713647, 0.353790449184348, 0.35573073815875134]
[0.353790449184348, 0.35573073815875134, 0.3539025984129378]
[0.35573073815875134, 0.3539025984129378, 0.3639362574052071]
[0.3539025984129378, 0.3639362574052071, 0.3588941348346757]
[0.3639362574052071, 0.3588941348346757, 0.36201553322762003]
[0.3588941348346757, 0.36201553322762003, 0.3622556833587419]
[0.36201553322762003, 0.3622556833587419, 0.3474327397501963]
[0.3622556833587419, 0.3474327397501963, 0.3723596191692599]
[0.3474327397501963, 0.3723596191692599, 0.34773208876888867]
[0.3723596191692599, 0.34773208876888867, 0.3490446119210633]
[0.34773208876888867, 0.3490446119210633, 0.3406291399480661]
[0.3490446119210633, 0.3406291399480661, 0.3672546939454345]
[0.3406291399480661, 0.3672546939454345, 0.3559478273176051]
[0.3672546939454345, 0.3559478273176051, 0.3621789145589712]
[0.3559478273176051, 0.3621789145589712, 0.35257850794370477]
[0.3621789145589712, 0.35257850794370477, 0.35573637558838367]
[0.35257850794370477, 0.35573637558838367, 0.35606988955068886]
[0.35573637558838367, 0.35606988955068886, 0.34440861547993196]
[0.35606988955068886, 0.34440861547993196, 0.34667560376556994]
[0.34440861547993196, 0.34667560376556994, 0.3444373656562485]
[0.34667560376556994, 0.3444373656562485, 0.3800271851191719]
[0.3444373656562485, 0.3800271851191719, 0.34248222457986516]
[0.3800271851191719, 0.34248222457986516, 0.356086204626491]
[0.34248222457986516, 0.356086204626491, 0.3507936402488797]
[0.356086204626491, 0.3507936402488797, 0.34512552902851124]
[0.3507936402488797, 0.34512552902851124, 0.36591367155699195]
[0.34512552902851124, 0.36591367155699195, 0.36155380633844963]
[0.36591367155699195, 0.36155380633844963, 0.3751547699084904]
[0.36155380633844963, 0.3751547699084904, 0.354351083144358]
[0.3751547699084904, 0.354351083144358, 0.3563223878115645]
[0.354351083144358, 0.3563223878115645, 0.35440566784933875]
[0.3563223878115645, 0.35440566784933875, 0.3431871492152055]
[0.35440566784933875, 0.3431871492152055, 0.3615545983325842]
[0.3431871492152055, 0.3615545983325842, 0.36186763953709866]
[0.3615545983325842, 0.36186763953709866, 0.34972689766219317]
[0.36186763953709866, 0.34972689766219317, 0.3539490425252435]
[0.34972689766219317, 0.3539490425252435, 0.3716589815189305]
[0.3539490425252435, 0.3716589815189305, 0.34019625899291306]
[0.3716589815189305, 0.34019625899291306, 0.35577213146141595]
