[0.17764884698102473, 0.1812630970028764, 0.16380195015846105]
[0.1812630970028764, 0.16380195015846105, 0.17498428773013552]
[0.16380195015846105, 0.17498428773013552, 0.19009621015191264]
[0.17498428773013552, 0.19009621015191264, 0.18711627764377042]
[0.19009621015191264, 0.18711627764377042, 0.18249343904226878]
[0.18711627764377042, 0.18249343904226878, 0.1636965926086893]
[0.18249343904226878, 0.1636965926086893, 0.18469667314371446]
[0.1636965926086893, 0.18469667314371446, 0.16622223949099796]
[0.18469667314371446, 0.16622223949099796, 0.1668297373811144]
[0.16622223949099796, 0.1668297373811144, 0.17202750519602905]
[0.1668297373811144, 0.17202750519602905, 0.19066658116010696]
[0.17202750519602905, 0.19066658116010696, 0.18479417200796322]
[0.19066658116010696, 0.18479417200796322, 0.19720279923521972]
[0.18479417200796322, 0.19720279923521972, 0.18469667314371446]
[0.19720279923521972, 0.18469667314371446, 0.19104253684129233]
[0.18469667314371446, 0.19104253684129233, 0.16928570859053738]
[0.19104253684129233, 0.16928570859053738, 0.19367061924595885]
[0.16928570859053738, 0.19367061924595885, 0.1581832524218662]
[0.19367061924595885, 0.1581832524218662, 0.19154933731391183]
[0.1581832524218662, 0.19154933731391183, 0.19070174733140743]
[0.19154933731391183, 0.19070174733140743, 0.184312307736549]
[0.19070174733140743, 0.184312307736549, 0.18565905323135268]
[0.184312307736549, 0.18565905323135268, 0.194146842139964]
[0.18565905323135268, 0.194146842139964, 0.16233509444335043]
[0.194146842139964, 0.16233509444335043, 0.19046868194383587]
[0.16233509444335043, 0.19046868194383587, 0.18843100458542328]
[0.19046868194383587, 0.18843100458542328, 0.17705864885378086]
[0.18843100458542328, 0.17705864885378086, 0.18762269787151817]
[0.17705864885378086, 0.18762269787151817, 0.16992742503646674]
[0.18762269787151817, 0.16992742503646674, 0.17705864885378086]
[0.16992742503646674, 0.17705864885378086, 0.1860020173774109]
[0.17705864885378086, 0.1860020173774109, 0.1705176231637106]
[0.1860020173774109, 0.1705176231637106, 0.1636965926086893]
[0.1705176231637106, 0.1636965926086893, 0.19819850516045923]
[0.1636965926086893, 0.19819850516045923, 0.16797097358598106]
[0.19819850516045923, 0.16797097358598106, 0.16797097358598106]
[0.16797097358598106, 0.16797097358598106, 0.18469667314371446]
[0.16797097358598106, 0.18469667314371446, 0.1836160177736385]
[0.18469667314371446, 0.1836160177736385, 0.198022005433927]
[0.1836160177736385, 0.198022005433927, 0.17035802810237446]
[0.198022005433927, 0.17035802810237446, 0.16977970951446017]
[0.17035802810237446, 0.16977970951446017, 0.1818369519003329]
[0.16977970951446017, 0.1818369519003329, 0.1681316235599382]
[0.1818369519003329, 0.1681316235599382, 0.16460834592546858]
[0.1681316235599382, 0.16460834592546858, 0.15695729278191545]
[0.16460834592546858, 0.15695729278191545, 0.17737028733390792]
[0.15695729278191545, 0.17737028733390792, 0.16976902689002554]
[0.17737028733390792, 0.16976902689002554, 0.18373642234838927]
[0.16976902689002554, 0.18373642234838927, 0.17689939571950053]
[0.18373642234838927, 0.17689939571950053, 0.16935357013901026]
[0.17689939571950053, 0.16935357013901026, 0.16321103037030701]
[0.16935357013901026, 0.16321103037030701, 0.1542281698329973]
[0.16321103037030701, 0.1542281698329973, 0.17806291511779254]
[0.1542281698329973, 0.17806291511779254, 0.1781613253073272]
[0.17806291511779254, 0.1781613253073272, 0.1860020173774109]
[0.1781613253073272, 0.1860020173774109, 0.16994376826625412]
[0.1860020173774109, 0.16994376826625412, 0.15628536392642417]
[0.16994376826625412, 0.15628536392642417, 0.18077033038803794]
[0.15628536392642417, 0.18077033038803794, 0.15638999981528573]
[0.18077033038803794, 0.15638999981528573, 0.17221845114080558]
[0.15638999981528573, 0.17221845114080558, 0.1636532794393568]
[0.17221845114080558, 0.1636532794393568, 0.1608329103947359]
[0.1636532794393568, 0.1608329103947359, 0.1633440413741616]
[0.1608329103947359, 0.1633440413741616, 0.14908341027711425]
[0.1633440413741616, 0.14908341027711425, 0.14565035534584864]
[0.14908341027711425, 0.14565035534584864, 0.1420424698102571]
[0.14565035534584864, 0.1420424698102571, 0.1675577686624817]
[0.1420424698102571, 0.1675577686624817, 0.1624198176861949]
[0.1675577686624817, 0.1624198176861949, 0.17756544932640034]
[0.1624198176861949, 0.17756544932640034, 0.18563406648817501]
[0.17756544932640034, 0.18563406648817501, 0.16160733029582774]
[0.18563406648817501, 0.16160733029582774, 0.1573180396852653]
[0.16160733029582774, 0.1573180396852653, 0.16934702191127857]
[0.1573180396852653, 0.16934702191127857, 0.1636965926086893]
[0.16934702191127857, 0.1636965926086893, 0.15979518558951183]
[0.1636965926086893, 0.15979518558951183, 0.16468654716444153]
[0.15979518558951183, 0.16468654716444153, 0.15860665424020348]
[0.16468654716444153, 0.15860665424020348, 0.16250852952594075]
[0.15860665424020348, 0.16250852952594075, 0.15827448885694778]
[0.16250852952594075, 0.15827448885694778, 0.16323868382438989]
[0.15827448885694778, 0.16323868382438989, 0.17411230350690565]
[0.16323868382438989, 0.17411230350690565, 0.17673469859526553]
[0.17411230350690565, 0.17673469859526553, 0.15431582714072956]
[0.17673469859526553, 0.15431582714072956, 0.16073673810746042]
[0.15431582714072956, 0.16073673810746042, 0.1698703105574585]
[0.16073673810746042, 0.1698703105574585, 0.16310639448144548]
[0.1698703105574585, 0.16310639448144548, 0.16301001581343874]
[0.16310639448144548, 0.16301001581343874, 0.16749571794668605]
[0.16301001581343874, 0.16749571794668605, 0.16106901023895967]
[0.16749571794668605, 0.16106901023895967, 0.16918002567767665]
[0.16106901023895967, 0.16918002567767665, 0.16472630757213763]
[0.16918002567767665, 0.16472630757213763, 0.18412281824625798]
[0.16472630757213763, 0.18412281824625798, 0.18548602649582707]
[0.18412281824625798, 0.18548602649582707, 0.1636965926086893]
[0.18548602649582707, 0.1636965926086893, 0.17424978285872195]
[0.1636965926086893, 0.17424978285872195, 0.17832806409622554]
[0.17424978285872195, 0.17832806409622554, 0.16806981181299052]
[0.17832806409622554, 0.16806981181299052, 0.18723059517295204]
[0.16806981181299052, 0.18723059517295204, 0.17641773953148737]
[0.18723059517295204, 0.17641773953148737, 0.18591732351374907]
[0.17641773953148737, 0.18591732351374907, 0.1858202076648935]
[0.18591732351374907, 0.1858202076648935, 0.1876638066471687]
[0.1858202076648935, 0.1876638066471687, 0.15571851265834052]
[0.1876638066471687, 0.15571851265834052, 0.17188678597674417]
[0.15571851265834052, 0.17188678597674417, 0.165139512495637]
[0.17188678597674417, 0.165139512495637, 0.1668243641849808]
[0.165139512495637, 0.1668243641849808, 0.184189872671095]
[0.1668243641849808, 0.184189872671095, 0.17699159442894385]
[0.184189872671095, 0.17699159442894385, 0.16590467436642414]
[0.17699159442894385, 0.16590467436642414, 0.1658585535854467]
[0.16590467436642414, 0.1658585535854467, 0.1818652120533704]
[0.1658585535854467, 0.1818652120533704, 0.1773688421160737]
[0.1818652120533704, 0.1773688421160737, 0.17271121775564405]
[0.1773688421160737, 0.17271121775564405, 0.14686923320182968]
[0.17271121775564405, 0.14686923320182968, 0.1600153128848124]
[0.14686923320182968, 0.1600153128848124, 0.15089939408573982]
[0.1600153128848124, 0.15089939408573982, 0.16733789859421133]
[0.15089939408573982, 0.16733789859421133, 0.1676861620733665]
[0.16733789859421133, 0.1676861620733665, 0.1636965926086893]
[0.1676861620733665, 0.1636965926086893, 0.1681316235599382]
[0.1636965926086893, 0.1681316235599382, 0.14838603806251782]
[0.1681316235599382, 0.14838603806251782, 0.16806981181299052]
[0.14838603806251782, 0.16806981181299052, 0.1658585535854467]
[0.16806981181299052, 0.1658585535854467, 0.15839260524376192]
[0.1658585535854467, 0.15839260524376192, 0.18723059517295204]
[0.15839260524376192, 0.18723059517295204, 0.17844578025441385]
[0.18723059517295204, 0.17844578025441385, 0.1585269597014405]
[0.17844578025441385, 0.1585269597014405, 0.1742366425510028]
[0.1585269597014405, 0.1742366425510028, 0.16748990711400882]
[0.1742366425510028, 0.16748990711400882, 0.17206940495054246]
[0.16748990711400882, 0.17206940495054246, 0.1768857886688952]
[0.17206940495054246, 0.1768857886688952, 0.16698391376502522]
[0.1768857886688952, 0.16698391376502522, 0.17110782129095445]
[0.16698391376502522, 0.17110782129095445, 0.14673495867497519]
[0.17110782129095445, 0.14673495867497519, 0.17796048546115179]
[0.14673495867497519, 0.17796048546115179, 0.17414881467191418]
[0.17796048546115179, 0.17414881467191418, 0.18412281824625798]
[0.17414881467191418, 0.18412281824625798, 0.17383657793522256]
[0.18412281824625798, 0.17383657793522256, 0.15582649994502712]
[0.17383657793522256, 0.15582649994502712, 0.1713136652439683]
[0.15582649994502712, 0.1713136652439683, 0.15710978774329049]
[0.1713136652439683, 0.15710978774329049, 0.16709596394612267]
[0.15710978774329049, 0.16709596394612267, 0.18585108796993038]
[0.16709596394612267, 0.18585108796993038, 0.17179315317921834]
[0.18585108796993038, 0.17179315317921834, 0.17687752071906948]
[0.17179315317921834, 0.17687752071906948, 0.1668243641849808]
[0.17687752071906948, 0.1668243641849808, 0.1767800892066641]
[0.1668243641849808, 0.1767800892066641, 0.17123417117677797]
