[0.34567267755107967, 0.33504260186682228, 0.3566639854186695]
[0.33504260186682228, 0.3566639854186695, 0.34775215539957038]
[0.3566639854186695, 0.34775215539957038, 0.35730223430616981]
[0.34775215539957038, 0.35730223430616981, 0.33927295638569127]
[0.35730223430616981, 0.33927295638569127, 0.31634255555733998]
[0.33927295638569127, 0.31634255555733998, 0.31841588488214345]
[0.31634255555733998, 0.31841588488214345, 0.32427223283446793]
[0.31841588488214345, 0.32427223283446793, 0.33805148020332171]
[0.32427223283446793, 0.33805148020332171, 0.33556403593172301]
[0.33805148020332171, 0.33556403593172301, 0.32434344781828928]
[0.33556403593172301, 0.32434344781828928, 0.31865078750195552]
[0.32434344781828928, 0.31865078750195552, 0.33071588048118439]
[0.31865078750195552, 0.33071588048118439, 0.3177698342431573]
[0.33071588048118439, 0.3177698342431573, 0.33240856888379455]
[0.3177698342431573, 0.33240856888379455, 0.31488763350880705]
[0.33240856888379455, 0.31488763350880705, 0.31326178905275381]
[0.31488763350880705, 0.31326178905275381, 0.30374073016149161]
[0.31326178905275381, 0.30374073016149161, 0.31094309723282965]
[0.30374073016149161, 0.31094309723282965, 0.31515099860742057]
[0.31094309723282965, 0.31515099860742057, 0.31895187032658162]
[0.31515099860742057, 0.31895187032658162, 0.31969620226611639]
[0.31895187032658162, 0.31969620226611639, 0.35271112452696285]
[0.31969620226611639, 0.35271112452696285, 0.32811228767588885]
[0.35271112452696285, 0.32811228767588885, 0.34229421042840646]
[0.32811228767588885, 0.34229421042840646, 0.33472246072048312]
[0.34229421042840646, 0.33472246072048312, 0.33500926009350029]
[0.33472246072048312, 0.33500926009350029, 0.31796205470540295]
[0.33500926009350029, 0.31796205470540295, 0.32933354167683093]
[0.31796205470540295, 0.32933354167683093, 0.31477047868591113]
[0.32933354167683093, 0.31477047868591113, 0.32392788618892426]
[0.31477047868591113, 0.32392788618892426, 0.31450254272909639]
[0.32392788618892426, 0.31450254272909639, 0.32949229549706238]
[0.31450254272909639, 0.32949229549706238, 0.33204744916975992]
[0.32949229549706238, 0.33204744916975992, 0.36466937124101928]
[0.33204744916975992, 0.36466937124101928, 0.34159724463124391]
[0.36466937124101928, 0.34159724463124391, 0.35473967454167626]
[0.34159724463124391, 0.35473967454167626, 0.34427309246588084]
[0.35473967454167626, 0.34427309246588084, 0.33691418967454001]
[0.34427309246588084, 0.33691418967454001, 0.31838667764507034]
[0.33691418967454001, 0.31838667764507034, 0.33544051706744682]
[0.31838667764507034, 0.33544051706744682, 0.34999744540039418]
[0.33544051706744682, 0.34999744540039418, 0.33096787425394758]
[0.34999744540039418, 0.33096787425394758, 0.33096787425394758]
[0.33096787425394758, 0.33096787425394758, 0.31920843860397125]
[0.33096787425394758, 0.31920843860397125, 0.3010259099201063]
[0.31920843860397125, 0.3010259099201063, 0.33374460972705533]
[0.3010259099201063, 0.33374460972705533, 0.32210444833605079]
[0.33374460972705533, 0.32210444833605079, 0.33716161557485347]
[0.32210444833605079, 0.33716161557485347, 0.34431546748322478]
[0.33716161557485347, 0.34431546748322478, 0.34298188400931084]
[0.34431546748322478, 0.34298188400931084, 0.35631748094353938]
[0.34298188400931084, 0.35631748094353938, 0.35442556299454975]
[0.35631748094353938, 0.35442556299454975, 0.35062823790868625]
[0.35442556299454975, 0.35062823790868625, 0.33387516474393336]
[0.35062823790868625, 0.33387516474393336, 0.33828071915677005]
[0.33387516474393336, 0.33828071915677005, 0.34553181927938703]
[0.33828071915677005, 0.34553181927938703, 0.3399846965783308]
[0.34553181927938703, 0.3399846965783308, 0.36240772843385416]
[0.3399846965783308, 0.36240772843385416, 0.35465355713435825]
[0.36240772843385416, 0.35465355713435825, 0.32625003408168574]
[0.35465355713435825, 0.32625003408168574, 0.3461521300411316]
[0.32625003408168574, 0.3461521300411316, 0.32695830453181463]
[0.3461521300411316, 0.32695830453181463, 0.3350100807543166]
[0.32695830453181463, 0.3350100807543166, 0.32764534662029376]
[0.3350100807543166, 0.32764534662029376, 0.30319113719312052]
[0.32764534662029376, 0.30319113719312052, 0.3073323390073503]
[0.30319113719312052, 0.3073323390073503, 0.3073128579784038]
[0.3073323390073503, 0.3073128579784038, 0.29903109903498093]
[0.3073128579784038, 0.29903109903498093, 0.33518327421163596]
[0.29903109903498093, 0.33518327421163596, 0.33940939939606296]
[0.33518327421163596, 0.33940939939606296, 0.33285107756123822]
[0.33940939939606296, 0.33285107756123822, 0.34193075457729277]
[0.33285107756123822, 0.34193075457729277, 0.34184684990841174]
[0.34193075457729277, 0.34184684990841174, 0.32358336750259303]
[0.34184684990841174, 0.32358336750259303, 0.31602026646833958]
[0.32358336750259303, 0.31602026646833958, 0.32551704790203495]
[0.31602026646833958, 0.32551704790203495, 0.32164157147871375]
[0.32551704790203495, 0.32164157147871375, 0.33602764081938113]
[0.32164157147871375, 0.33602764081938113, 0.33102346059048682]
[0.33602764081938113, 0.33102346059048682, 0.22467356162286584]
[0.33102346059048682, 0.22467356162286584, 0.36745068468668807]
[0.22467356162286584, 0.36745068468668807, 0.30421313581851539]
[0.36745068468668807, 0.30421313581851539, 0.29412196476442043]
[0.30421313581851539, 0.29412196476442043, 0.30653348564330074]
[0.29412196476442043, 0.30653348564330074, 0.31620507021674105]
[0.30653348564330074, 0.31620507021674105, 0.30465916645427171]
[0.31620507021674105, 0.30465916645427171, 0.30398641658451109]
[0.30465916645427171, 0.30398641658451109, 0.33054781450889437]
[0.30398641658451109, 0.33054781450889437, 0.29549494191116588]
[0.33054781450889437, 0.29549494191116588, 0.30998517322843788]
[0.29549494191116588, 0.30998517322843788, 0.30473070366198174]
[0.30998517322843788, 0.30473070366198174, 0.29470321113941106]
[0.30473070366198174, 0.29470321113941106, 0.28727443155218535]
[0.29470321113941106, 0.28727443155218535, 0.31252144405545801]
[0.28727443155218535, 0.31252144405545801, 0.31324583548899387]
[0.31252144405545801, 0.31324583548899387, 0.26872115749598591]
[0.31324583548899387, 0.26872115749598591, 0.31816003151404626]
[0.26872115749598591, 0.31816003151404626, 0.30468415094453694]
[0.31816003151404626, 0.30468415094453694, 0.30154742145582114]
[0.30468415094453694, 0.30154742145582114, 0.27285163700917603]
[0.30154742145582114, 0.27285163700917603, 0.17912495438245751]
[0.27285163700917603, 0.17912495438245751, 0.25447671670131689]
[0.17912495438245751, 0.25447671670131689, 0.27550552313206167]
[0.25447671670131689, 0.27550552313206167, 0.27110398533626856]
[0.27550552313206167, 0.27110398533626856, 0.28829139172946927]
[0.27110398533626856, 0.28829139172946927, 0.27195358857262308]
[0.28829139172946927, 0.27195358857262308, 0.28897787557007498]
[0.27195358857262308, 0.28897787557007498, 0.2892972015755938]
[0.28897787557007498, 0.2892972015755938, 0.26797276561379813]
[0.2892972015755938, 0.26797276561379813, 0.26489466592576344]
[0.26797276561379813, 0.26489466592576344, 0.26195233249252425]
[0.26489466592576344, 0.26195233249252425, 0.25056608989662166]
[0.26195233249252425, 0.25056608989662166, 0.24303580939937058]
[0.25056608989662166, 0.24303580939937058, 0.27750277761540465]
[0.24303580939937058, 0.27750277761540465, 0.2653687371557204]
[0.27750277761540465, 0.2653687371557204, 0.29390136455461324]
[0.2653687371557204, 0.29390136455461324, 0.29232728417141934]
[0.29390136455461324, 0.29232728417141934, 0.30196725791342083]
[0.29232728417141934, 0.30196725791342083, 0.29764079373646252]
[0.30196725791342083, 0.29764079373646252, 0.27920488908628804]
[0.29764079373646252, 0.27920488908628804, 0.34954213478569118]
[0.27920488908628804, 0.34954213478569118, 0.30377161939742592]
[0.34954213478569118, 0.30377161939742592, 0.30911906592903571]
[0.30377161939742592, 0.30911906592903571, 0.32362128578598409]
[0.30911906592903571, 0.32362128578598409, 0.3477726255962168]
[0.32362128578598409, 0.3477726255962168, 0.3107910139463062]
[0.3477726255962168, 0.3107910139463062, 0.32544876948441342]
[0.3107910139463062, 0.32544876948441342, 0.29348794849452559]
[0.32544876948441342, 0.29348794849452559, 0.29624793408774108]
[0.29348794849452559, 0.29624793408774108, 0.2930322860307949]
[0.29624793408774108, 0.2930322860307949, 0.33875899905892459]
[0.2930322860307949, 0.33875899905892459, 0.35268669437754696]
[0.33875899905892459, 0.35268669437754696, 0.30645563703040424]
[0.35268669437754696, 0.30645563703040424, 0.3040323801035516]
[0.30645563703040424, 0.3040323801035516, 0.23737831088442013]
[0.3040323801035516, 0.23737831088442013, 0.27926208344767239]
[0.23737831088442013, 0.27926208344767239, 0.27338802843082632]
[0.27926208344767239, 0.27338802843082632, 0.27565790132681067]
[0.27338802843082632, 0.27565790132681067, 0.29398563069775285]
[0.27565790132681067, 0.29398563069775285, 0.31769266585354039]
[0.29398563069775285, 0.31769266585354039, 0.29912834612951711]
[0.31769266585354039, 0.29912834612951711, 0.27910229001719733]
[0.29912834612951711, 0.27910229001719733, 0.30447630813971327]
[0.27910229001719733, 0.30447630813971327, 0.3017660721624722]
[0.30447630813971327, 0.3017660721624722, 0.2915369797090826]
[0.3017660721624722, 0.2915369797090826, 0.27404405269287757]
[0.2915369797090826, 0.27404405269287757, 0.26672954621192951]
[0.27404405269287757, 0.26672954621192951, 0.25139024898200224]
[0.26672954621192951, 0.25139024898200224, 0.25944013855508263]
[0.25139024898200224, 0.25944013855508263, 0.23123618761824671]
[0.25944013855508263, 0.23123618761824671, 0.23778939165658258]
[0.23123618761824671, 0.23778939165658258, 0.21929318487592983]
[0.23778939165658258, 0.21929318487592983, 0.23210998016133311]
[0.21929318487592983, 0.23210998016133311, 0.27263858027594301]
[0.23210998016133311, 0.27263858027594301, 0.29021050549395488]
[0.27263858027594301, 0.29021050549395488, 0.2261718581960116]
[0.29021050549395488, 0.2261718581960116, 0.28025522137408837]
[0.2261718581960116, 0.28025522137408837, 0.28179403846130135]
[0.28025522137408837, 0.28179403846130135, 0.3135475588055241]
[0.28179403846130135, 0.3135475588055241, 0.31957835011946306]
[0.3135475588055241, 0.31957835011946306, 0.32026755139596874]
[0.31957835011946306, 0.32026755139596874, 0.32450482633192834]
[0.32026755139596874, 0.32450482633192834, 0.33226921950903776]
[0.32450482633192834, 0.33226921950903776, 0.33255260001116732]
[0.33226921950903776, 0.33255260001116732, 0.32119150316566958]
[0.33255260001116732, 0.32119150316566958, 0.33562501094850883]
[0.32119150316566958, 0.33562501094850883, 0.34324884896947894]
[0.33562501094850883, 0.34324884896947894, 0.33988123045086838]
[0.34324884896947894, 0.33988123045086838, 0.32460003129192289]
[0.33988123045086838, 0.32460003129192289, 0.32420535773553877]
[0.32460003129192289, 0.32420535773553877, 0.31891448122589383]
[0.32420535773553877, 0.31891448122589383, 0.30256053784540471]
[0.31891448122589383, 0.30256053784540471, 0.29180898446166803]
[0.30256053784540471, 0.29180898446166803, 0.29202541052450609]
[0.29180898446166803, 0.29202541052450609, 0.22010778100678186]
[0.29202541052450609, 0.22010778100678186, 0.29866861506769182]
[0.22010778100678186, 0.29866861506769182, 0.30245379882508749]
[0.29866861506769182, 0.30245379882508749, 0.31958254825804266]
[0.30245379882508749, 0.31958254825804266, 0.29613244862639254]
[0.31958254825804266, 0.29613244862639254, 0.31111404564828082]
[0.29613244862639254, 0.31111404564828082, 0.28447099202439219]
[0.31111404564828082, 0.28447099202439219, 0.28770003900716556]
[0.28447099202439219, 0.28770003900716556, 0.28787745841999868]
[0.28770003900716556, 0.28787745841999868, 0.28162691872035073]
[0.28787745841999868, 0.28162691872035073, 0.26638062793406481]
[0.28162691872035073, 0.26638062793406481, 0.22542586083961447]
[0.26638062793406481, 0.22542586083961447, 0.26210825224847389]
[0.22542586083961447, 0.26210825224847389, 0.22869826651375047]
[0.26210825224847389, 0.22869826651375047, 0.26504589903971004]
[0.22869826651375047, 0.26504589903971004, 0.27264388791497129]
[0.26504589903971004, 0.27264388791497129, 0.28309472874326613]
[0.27264388791497129, 0.28309472874326613, 0.27366718640633414]
[0.28309472874326613, 0.27366718640633414, 0.30815640542071643]
[0.27366718640633414, 0.30815640542071643, 0.33319145421369145]
[0.30815640542071643, 0.33319145421369145, 0.32761748487224374]
[0.33319145421369145, 0.32761748487224374, 0.31952067296518005]
[0.32761748487224374, 0.31952067296518005, 0.32459011602332355]
[0.31952067296518005, 0.32459011602332355, 0.32016053884636364]
[0.32459011602332355, 0.32016053884636364, 0.31158357429397587]
[0.32016053884636364, 0.31158357429397587, 0.30067003515132329]
[0.31158357429397587, 0.30067003515132329, 0.28266819691168887]
[0.30067003515132329, 0.28266819691168887, 0.30177489931431867]
[0.28266819691168887, 0.30177489931431867, 0.31042530647571209]
[0.30177489931431867, 0.31042530647571209, 0.29675580920632594]
[0.31042530647571209, 0.29675580920632594, 0.30947810082950367]
[0.29675580920632594, 0.30947810082950367, 0.31224917870228019]
[0.30947810082950367, 0.31224917870228019, 0.30922293136729007]
[0.31224917870228019, 0.30922293136729007, 0.29716858581297967]
[0.30922293136729007, 0.29716858581297967, 0.26763604106436611]
[0.29716858581297967, 0.26763604106436611, 0.29064109894708834]
[0.26763604106436611, 0.29064109894708834, 0.26606274334648172]
[0.29064109894708834, 0.26606274334648172, 0.2715689791207947]
[0.26606274334648172, 0.2715689791207947, 0.26830040899878066]
[0.2715689791207947, 0.26830040899878066, 0.24235199037886268]
[0.26830040899878066, 0.24235199037886268, 0.24677844817875882]
[0.24235199037886268, 0.24677844817875882, 0.2815915133900424]
[0.24677844817875882, 0.2815915133900424, 0.27413441012409839]
[0.2815915133900424, 0.27413441012409839, 0.24200424467845252]
[0.27413441012409839, 0.24200424467845252, 0.25275822351859689]
[0.24200424467845252, 0.25275822351859689, 0.24152518388222136]
[0.25275822351859689, 0.24152518388222136, 0.24992052139704235]
[0.24152518388222136, 0.24992052139704235, 0.27048016701680644]
[0.24992052139704235, 0.27048016701680644, 0.25640014659365962]
[0.27048016701680644, 0.25640014659365962, 0.26014948401950599]
[0.25640014659365962, 0.26014948401950599, 0.28406701302466303]
[0.26014948401950599, 0.28406701302466303, 0.27769566602282225]
[0.28406701302466303, 0.27769566602282225, 0.27892955321506485]
[0.27769566602282225, 0.27892955321506485, 0.32326053106959002]
[0.27892955321506485, 0.32326053106959002, 0.31043393175125644]
[0.32326053106959002, 0.31043393175125644, 0.31573303887831006]
[0.31043393175125644, 0.31573303887831006, 0.30541197696458577]
[0.31573303887831006, 0.30541197696458577, 0.26565136916274507]
[0.30541197696458577, 0.26565136916274507, 0.2851399519003579]
[0.26565136916274507, 0.2851399519003579, 0.33922526438621886]
[0.2851399519003579, 0.33922526438621886, 0.31942123698109026]
[0.33922526438621886, 0.31942123698109026, 0.32042122378536186]
[0.31942123698109026, 0.32042122378536186, 0.28784322847787724]
[0.32042122378536186, 0.28784322847787724, 0.25868566619988287]
[0.28784322847787724, 0.25868566619988287, 0.24232128675948816]
[0.25868566619988287, 0.24232128675948816, 0.26591151837358895]
[0.24232128675948816, 0.26591151837358895, 0.25863434027371834]
[0.26591151837358895, 0.25863434027371834, 0.28224917833195629]
[0.25863434027371834, 0.28224917833195629, 0.29482735600266197]
[0.28224917833195629, 0.29482735600266197, 0.26524478408351509]
[0.29482735600266197, 0.26524478408351509, 0.26729960175247913]
[0.26524478408351509, 0.26729960175247913, 0.27742770711637965]
[0.26729960175247913, 0.27742770711637965, 0.3099825098971255]
[0.27742770711637965, 0.3099825098971255, 0.28059706458111588]
[0.3099825098971255, 0.28059706458111588, 0.26533408587166896]
[0.28059706458111588, 0.26533408587166896, 0.27697603429119133]
[0.26533408587166896, 0.27697603429119133, 0.2863825046509243]
[0.27697603429119133, 0.2863825046509243, 0.25892176270098111]
[0.2863825046509243, 0.25892176270098111, 0.23760829229230698]
[0.25892176270098111, 0.23760829229230698, 0.27930483055026012]
[0.23760829229230698, 0.27930483055026012, 0.25576790965036522]
[0.27930483055026012, 0.25576790965036522, 0.2618137998536022]
[0.25576790965036522, 0.2618137998536022, 0.28582266054312655]
[0.2618137998536022, 0.28582266054312655, 0.28128356762952517]
[0.28582266054312655, 0.28128356762952517, 0.29743849375761289]
[0.28128356762952517, 0.29743849375761289, 0.27291762806823294]
[0.29743849375761289, 0.27291762806823294, 0.29589941986723267]
[0.27291762806823294, 0.29589941986723267, 0.2886504775454391]
[0.29589941986723267, 0.2886504775454391, 0.29982389654246722]
[0.2886504775454391, 0.29982389654246722, 0.30210582366586403]
[0.29982389654246722, 0.30210582366586403, 0.29982000418777249]
[0.30210582366586403, 0.29982000418777249, 0.29732190323797525]
[0.29982000418777249, 0.29732190323797525, 0.32386914945123502]
[0.29732190323797525, 0.32386914945123502, 0.34218481130159339]
[0.32386914945123502, 0.34218481130159339, 0.35566142964339909]
[0.34218481130159339, 0.35566142964339909, 0.35037834604831508]
[0.35566142964339909, 0.35037834604831508, 0.34703861567022498]
[0.35037834604831508, 0.34703861567022498, 0.36216877037563744]
[0.34703861567022498, 0.36216877037563744, 0.33477788877246073]
[0.36216877037563744, 0.33477788877246073, 0.31639636658860343]
[0.33477788877246073, 0.31639636658860343, 0.29656697822646422]
[0.31639636658860343, 0.29656697822646422, 0.32247297722105461]
[0.29656697822646422, 0.32247297722105461, 0.30226818681782774]
[0.32247297722105461, 0.30226818681782774, 0.31591765806841249]
[0.30226818681782774, 0.31591765806841249, 0.2892311304703159]
[0.31591765806841249, 0.2892311304703159, 0.30053885615114917]
[0.2892311304703159, 0.30053885615114917, 0.29124548963277963]
[0.30053885615114917, 0.29124548963277963, 0.264204262533832]
[0.29124548963277963, 0.264204262533832, 0.27984072455215947]
[0.264204262533832, 0.27984072455215947, 0.25591349515850281]
[0.27984072455215947, 0.25591349515850281, 0.29463205623452704]
[0.25591349515850281, 0.29463205623452704, 0.31795669068082577]
[0.29463205623452704, 0.31795669068082577, 0.32776779892766461]
[0.31795669068082577, 0.32776779892766461, 0.34797052303319326]
[0.32776779892766461, 0.34797052303319326, 0.33799012644020837]
[0.34797052303319326, 0.33799012644020837, 0.3173811027190232]
[0.33799012644020837, 0.3173811027190232, 0.33759716382365396]
[0.3173811027190232, 0.33759716382365396, 0.32527057085504402]
[0.33759716382365396, 0.32527057085504402, 0.30377481171441578]
[0.32527057085504402, 0.30377481171441578, 0.28843162603934869]
[0.30377481171441578, 0.28843162603934869, 0.27344583981650394]
[0.28843162603934869, 0.27344583981650394, 0.27619958835933311]
[0.27344583981650394, 0.27619958835933311, 0.25249231883700118]
[0.27619958835933311, 0.25249231883700118, 0.23660705471029234]
[0.25249231883700118, 0.23660705471029234, 0.26874811309196289]
[0.23660705471029234, 0.26874811309196289, 0.28106743215767893]
[0.26874811309196289, 0.28106743215767893, 0.3228859559149117]
[0.28106743215767893, 0.3228859559149117, 0.33440860622608293]
[0.3228859559149117, 0.33440860622608293, 0.32172905757164272]
[0.33440860622608293, 0.32172905757164272, 0.33305998764531097]
[0.32172905757164272, 0.33305998764531097, 0.30399697299455691]
[0.33305998764531097, 0.30399697299455691, 0.30122981463885345]
[0.30399697299455691, 0.30122981463885345, 0.30794843673852818]
[0.30122981463885345, 0.30794843673852818, 0.29971487879744585]
[0.30794843673852818, 0.29971487879744585, 0.31750193794227521]
[0.29971487879744585, 0.31750193794227521, 0.30394690769738408]
[0.31750193794227521, 0.30394690769738408, 0.29824190860153632]
[0.30394690769738408, 0.29824190860153632, 0.29872073977651376]
[0.29824190860153632, 0.29872073977651376, 0.29121334113363362]
[0.29872073977651376, 0.29121334113363362, 0.30065130932216566]
[0.29121334113363362, 0.30065130932216566, 0.33351461283467343]
[0.30065130932216566, 0.33351461283467343, 0.31473739636660636]
[0.33351461283467343, 0.31473739636660636, 0.30838588215632051]
[0.31473739636660636, 0.30838588215632051, 0.31259886736568554]
[0.30838588215632051, 0.31259886736568554, 0.31579846624015373]
[0.31259886736568554, 0.31579846624015373, 0.31942334684158352]
[0.31579846624015373, 0.31942334684158352, 0.29038404893053571]
[0.31942334684158352, 0.29038404893053571, 0.31303121355543095]
[0.29038404893053571, 0.31303121355543095, 0.35745480310927913]
[0.31303121355543095, 0.35745480310927913, 0.38010063078261158]
[0.35745480310927913, 0.38010063078261158, 0.37071946118587745]
[0.38010063078261158, 0.37071946118587745, 0.36131512225983531]
[0.37071946118587745, 0.36131512225983531, 0.29533679822072778]
[0.36131512225983531, 0.29533679822072778, 0.27697200627836699]
[0.29533679822072778, 0.27697200627836699, 0.29927717605589366]
[0.27697200627836699, 0.29927717605589366, 0.30707962433086988]
[0.29927717605589366, 0.30707962433086988, 0.30146493979375555]
[0.30707962433086988, 0.30146493979375555, 0.32917677050357597]
[0.30146493979375555, 0.32917677050357597, 0.31814166630308771]
[0.32917677050357597, 0.31814166630308771, 0.28878254168250644]
[0.31814166630308771, 0.28878254168250644, 0.30442146149650107]
[0.28878254168250644, 0.30442146149650107, 0.342049849022381]
[0.30442146149650107, 0.342049849022381, 0.33171543898358263]
[0.342049849022381, 0.33171543898358263, 0.33824561627659977]
[0.33171543898358263, 0.33824561627659977, 0.31808653756714145]
[0.33824561627659977, 0.31808653756714145, 0.30766253703787105]
[0.31808653756714145, 0.30766253703787105, 0.30864438522972182]
[0.30766253703787105, 0.30864438522972182, 0.29538281897668234]
[0.30864438522972182, 0.29538281897668234, 0.29888132321957273]
[0.29538281897668234, 0.29888132321957273, 0.3022434427305612]
[0.29888132321957273, 0.3022434427305612, 0.30207155234735106]
[0.3022434427305612, 0.30207155234735106, 0.29234890584055079]
[0.30207155234735106, 0.29234890584055079, 0.29716360498783134]
[0.29234890584055079, 0.29716360498783134, 0.28093437409845562]
[0.29716360498783134, 0.28093437409845562, 0.29524848575188289]
[0.28093437409845562, 0.29524848575188289, 0.2421886156380261]
[0.29524848575188289, 0.2421886156380261, 0.246578026789251]
[0.2421886156380261, 0.246578026789251, 0.25248706525476416]
[0.246578026789251, 0.25248706525476416, 0.21542533520261231]
[0.25248706525476416, 0.21542533520261231, 0.25085565224061523]
[0.21542533520261231, 0.25085565224061523, 0.22900991502024864]
[0.25085565224061523, 0.22900991502024864, 0.23471493219604933]
[0.22900991502024864, 0.23471493219604933, 0.24062733812922632]
[0.23471493219604933, 0.24062733812922632, 0.24806723341059425]
[0.24062733812922632, 0.24806723341059425, 0.26488780351514896]
[0.24806723341059425, 0.26488780351514896, 0.29471074001847009]
[0.26488780351514896, 0.29471074001847009, 0.30164552011136581]
[0.29471074001847009, 0.30164552011136581, 0.29829280680330605]
[0.30164552011136581, 0.29829280680330605, 0.31905543767277122]
[0.29829280680330605, 0.31905543767277122, 0.32393826359610101]
[0.31905543767277122, 0.32393826359610101, 0.30951525587788786]
[0.32393826359610101, 0.30951525587788786, 0.28740919819394223]
[0.30951525587788786, 0.28740919819394223, 0.30969100097772229]
[0.28740919819394223, 0.30969100097772229, 0.32342180988234592]
[0.30969100097772229, 0.32342180988234592, 0.31379033854276384]
[0.32342180988234592, 0.31379033854276384, 0.30692905165590401]
[0.31379033854276384, 0.30692905165590401, 0.31045269559452565]
[0.30692905165590401, 0.31045269559452565, 0.28273357736858218]
[0.31045269559452565, 0.28273357736858218, 0.31346216475412564]
[0.28273357736858218, 0.31346216475412564, 0.34512634718350654]
[0.31346216475412564, 0.34512634718350654, 0.32204690811949349]
[0.34512634718350654, 0.32204690811949349, 0.37714754117520988]
[0.32204690811949349, 0.37714754117520988, 0.30030990612760861]
[0.37714754117520988, 0.30030990612760861, 0.33796862416843682]
[0.30030990612760861, 0.33796862416843682, 0.3289774434097264]
[0.33796862416843682, 0.3289774434097264, 0.36124246796259873]
[0.3289774434097264, 0.36124246796259873, 0.33111542225208557]
[0.36124246796259873, 0.33111542225208557, 0.35721762559594622]
[0.33111542225208557, 0.35721762559594622, 0.34356105576625051]
[0.35721762559594622, 0.34356105576625051, 0.35715297277838165]
[0.34356105576625051, 0.35715297277838165, 0.35809291666126242]
[0.35715297277838165, 0.35809291666126242, 0.40217578864470122]
[0.35809291666126242, 0.40217578864470122, 0.36716021518875808]
[0.40217578864470122, 0.36716021518875808, 0.36672958598776706]
[0.36716021518875808, 0.36672958598776706, 0.31200616580352442]
[0.36672958598776706, 0.31200616580352442, 0.35822283010623002]
[0.31200616580352442, 0.35822283010623002, 0.31387084361783063]
[0.35822283010623002, 0.31387084361783063, 0.32726234134396492]
[0.31387084361783063, 0.32726234134396492, 0.38650067321522003]
[0.32726234134396492, 0.38650067321522003, 0.18484341840683835]
[0.38650067321522003, 0.18484341840683835, 0.21635034135549835]
[0.18484341840683835, 0.21635034135549835, 0.30776795612883434]
[0.21635034135549835, 0.30776795612883434, 0.3367802070905111]
[0.30776795612883434, 0.3367802070905111, 0.35928151205554204]
[0.3367802070905111, 0.35928151205554204, 0.30531423983112471]
[0.35928151205554204, 0.30531423983112471, 0.31802147822200139]
[0.30531423983112471, 0.31802147822200139, 0.29100209926721543]
[0.31802147822200139, 0.29100209926721543, 0.33660577121361229]
[0.29100209926721543, 0.33660577121361229, 0.32980751239706096]
[0.33660577121361229, 0.32980751239706096, 0.29603964727555909]
[0.32980751239706096, 0.29603964727555909, 0.28939953850912448]
[0.29603964727555909, 0.28939953850912448, 0.29160385099160857]
[0.28939953850912448, 0.29160385099160857, 0.30486246426490721]
[0.29160385099160857, 0.30486246426490721, 0.27128064717306855]
[0.30486246426490721, 0.27128064717306855, 0.31005656528733699]
[0.27128064717306855, 0.31005656528733699, 0.3253881779439789]
[0.31005656528733699, 0.3253881779439789, 0.296113160480033]
[0.3253881779439789, 0.296113160480033, 0.30992204892622977]
[0.296113160480033, 0.30992204892622977, 0.31763114871611886]
[0.30992204892622977, 0.31763114871611886, 0.2885667245740603]
[0.31763114871611886, 0.2885667245740603, 0.31727557425771974]
[0.2885667245740603, 0.31727557425771974, 0.27468175026921438]
[0.31727557425771974, 0.27468175026921438, 0.31390377513623235]
[0.27468175026921438, 0.31390377513623235, 0.34378031964370825]
[0.31390377513623235, 0.34378031964370825, 0.30019785082909933]
[0.34378031964370825, 0.30019785082909933, 0.2925526026117572]
[0.30019785082909933, 0.2925526026117572, 0.30066619609060086]
[0.2925526026117572, 0.30066619609060086, 0.29707475208054135]
[0.30066619609060086, 0.29707475208054135, 0.32636708782296409]
[0.29707475208054135, 0.32636708782296409, 0.28085226761977999]
[0.32636708782296409, 0.28085226761977999, 0.26500276722452865]
[0.28085226761977999, 0.26500276722452865, 0.27192544373091837]
[0.26500276722452865, 0.27192544373091837, 0.28497068373575174]
[0.27192544373091837, 0.28497068373575174, 0.25353055726218277]
[0.28497068373575174, 0.25353055726218277, 0.29175573209084854]
[0.25353055726218277, 0.29175573209084854, 0.3256152895041865]
[0.29175573209084854, 0.3256152895041865, 0.29471129698710724]
[0.3256152895041865, 0.29471129698710724, 0.21808242198455152]
[0.29471129698710724, 0.21808242198455152, 0.24738664334004934]
[0.21808242198455152, 0.24738664334004934, 0.22431310430342127]
[0.24738664334004934, 0.22431310430342127, 0.27471129820568641]
[0.22431310430342127, 0.27471129820568641, 0.34524814183060448]
[0.27471129820568641, 0.34524814183060448, 0.30400142888969506]
[0.34524814183060448, 0.30400142888969506, 0.30251297340240157]
[0.30400142888969506, 0.30251297340240157, 0.2735832906423466]
[0.30251297340240157, 0.2735832906423466, 0.27705070564328493]
[0.2735832906423466, 0.27705070564328493, 0.36522895724159543]
[0.27705070564328493, 0.36522895724159543, 0.33702570656020181]
[0.36522895724159543, 0.33702570656020181, 0.27124810858133108]
[0.33702570656020181, 0.27124810858133108, 0.26121689492603728]
[0.27124810858133108, 0.26121689492603728, 0.26081439967720049]
[0.26121689492603728, 0.26081439967720049, 0.27964440128162121]
[0.26081439967720049, 0.27964440128162121, 0.28153681820363041]
[0.27964440128162121, 0.28153681820363041, 0.3217010362017565]
[0.28153681820363041, 0.3217010362017565, 0.29403174493006723]
[0.3217010362017565, 0.29403174493006723, 0.26816536330361695]
[0.29403174493006723, 0.26816536330361695, 0.29715892546387196]
[0.26816536330361695, 0.29715892546387196, 0.26993724883016545]
[0.29715892546387196, 0.26993724883016545, 0.31901527439071498]
[0.26993724883016545, 0.31901527439071498, 0.33527168424128678]
[0.31901527439071498, 0.33527168424128678, 0.34763696503320873]
[0.33527168424128678, 0.34763696503320873, 0.32752971057270563]
[0.34763696503320873, 0.32752971057270563, 0.29836423550932639]
[0.32752971057270563, 0.29836423550932639, 0.29410993075254932]
[0.29836423550932639, 0.29410993075254932, 0.31535107078495167]
[0.29410993075254932, 0.31535107078495167, 0.34621820400671222]
[0.31535107078495167, 0.34621820400671222, 0.32241444772821071]
[0.34621820400671222, 0.32241444772821071, 0.33616976665459164]
[0.32241444772821071, 0.33616976665459164, 0.35304928908587196]
[0.33616976665459164, 0.35304928908587196, 0.33147293845332526]
[0.35304928908587196, 0.33147293845332526, 0.33308385969056009]
[0.33147293845332526, 0.33308385969056009, 0.32752754734234668]
[0.33308385969056009, 0.32752754734234668, 0.32032568857331389]
[0.32752754734234668, 0.32032568857331389, 0.32679021550176057]
[0.32032568857331389, 0.32679021550176057, 0.3391623312641554]
[0.32679021550176057, 0.3391623312641554, 0.35114683945043446]
[0.3391623312641554, 0.35114683945043446, 0.3369645684020004]
[0.35114683945043446, 0.3369645684020004, 0.32063642948978266]
[0.3369645684020004, 0.32063642948978266, 0.3113466073037171]
[0.32063642948978266, 0.3113466073037171, 0.33315581176513531]
[0.3113466073037171, 0.33315581176513531, 0.35348401869138624]
[0.33315581176513531, 0.35348401869138624, 0.34659923324674069]
[0.35348401869138624, 0.34659923324674069, 0.30179049187274687]
[0.34659923324674069, 0.30179049187274687, 0.34843356396303865]
[0.30179049187274687, 0.34843356396303865, 0.32599229823432663]
[0.34843356396303865, 0.32599229823432663, 0.29589706446739716]
[0.32599229823432663, 0.29589706446739716, 0.33010850874013187]
[0.29589706446739716, 0.33010850874013187, 0.34146193258550406]
[0.33010850874013187, 0.34146193258550406, 0.26344282322364398]
[0.34146193258550406, 0.26344282322364398, 0.32975352367803645]
[0.26344282322364398, 0.32975352367803645, 0.32662420509468859]
[0.32975352367803645, 0.32662420509468859, 0.30881784057307082]
[0.32662420509468859, 0.30881784057307082, 0.29956449530512586]
[0.30881784057307082, 0.29956449530512586, 0.29260967734432669]
[0.29956449530512586, 0.29260967734432669, 0.2899420604562204]
[0.29260967734432669, 0.2899420604562204, 0.3008225697999507]
[0.2899420604562204, 0.3008225697999507, 0.29483501667448775]
[0.3008225697999507, 0.29483501667448775, 0.3439126230403875]
[0.29483501667448775, 0.3439126230403875, 0.32271502975988031]
[0.3439126230403875, 0.32271502975988031, 0.3547285810846541]
[0.32271502975988031, 0.3547285810846541, 0.29808786651255414]
[0.3547285810846541, 0.29808786651255414, 0.34192920542787519]
[0.29808786651255414, 0.34192920542787519, 0.34929461453537519]
[0.34192920542787519, 0.34929461453537519, 0.28078820833591173]
[0.34929461453537519, 0.28078820833591173, 0.3204979840703705]
[0.28078820833591173, 0.3204979840703705, 0.30521609513679371]
[0.3204979840703705, 0.30521609513679371, 0.26828082273963422]
[0.30521609513679371, 0.26828082273963422, 0.24628455067992111]
[0.26828082273963422, 0.24628455067992111, 0.24995057764033479]
[0.24628455067992111, 0.24995057764033479, 0.25427101906930877]
[0.24995057764033479, 0.25427101906930877, 0.2488217610365227]
[0.25427101906930877, 0.2488217610365227, 0.2502852617743041]
[0.2488217610365227, 0.2502852617743041, 0.3259807276361521]
[0.2502852617743041, 0.3259807276361521, 0.25974186472241206]
[0.3259807276361521, 0.25974186472241206, 0.27876530795143073]
[0.25974186472241206, 0.27876530795143073, 0.32014167450097175]
[0.27876530795143073, 0.32014167450097175, 0.30651114172037108]
[0.32014167450097175, 0.30651114172037108, 0.32104324248813726]
[0.30651114172037108, 0.32104324248813726, 0.25693251737205625]
[0.32104324248813726, 0.25693251737205625, 0.33784956921651332]
[0.25693251737205625, 0.33784956921651332, 0.2473443724744096]
[0.33784956921651332, 0.2473443724744096, 0.28903850980552659]
[0.2473443724744096, 0.28903850980552659, 0.30504911463292228]
[0.28903850980552659, 0.30504911463292228, 0.30831616949915142]
[0.30504911463292228, 0.30831616949915142, 0.26037260793358208]
[0.30831616949915142, 0.26037260793358208, 0.3573269481798666]
[0.26037260793358208, 0.3573269481798666, 0.31552227080895134]
[0.3573269481798666, 0.31552227080895134, 0.2657153393314457]
[0.31552227080895134, 0.2657153393314457, 0.3453345562332818]
[0.2657153393314457, 0.3453345562332818, 0.32511881850851859]
[0.3453345562332818, 0.32511881850851859, 0.30173182578017943]
[0.32511881850851859, 0.30173182578017943, 0.31608757157026068]
[0.30173182578017943, 0.31608757157026068, 0.32304972817342237]
[0.31608757157026068, 0.32304972817342237, 0.38677347321142025]
[0.32304972817342237, 0.38677347321142025, 0.36864730973886162]
[0.38677347321142025, 0.36864730973886162, 0.34593386541775195]
[0.36864730973886162, 0.34593386541775195, 0.35500530755764148]
[0.34593386541775195, 0.35500530755764148, 0.36438937408473138]
[0.35500530755764148, 0.36438937408473138, 0.35790339591290415]
[0.36438937408473138, 0.35790339591290415, 0.33748114541324603]
[0.35790339591290415, 0.33748114541324603, 0.33597600253077531]
[0.33748114541324603, 0.33597600253077531, 0.32329006618945222]
[0.33597600253077531, 0.32329006618945222, 0.34314147259956962]
[0.32329006618945222, 0.34314147259956962, 0.33709136351058966]
[0.34314147259956962, 0.33709136351058966, 0.32655940418872176]
[0.33709136351058966, 0.32655940418872176, 0.32907385117826415]
[0.32655940418872176, 0.32907385117826415, 0.33878289159751107]
[0.32907385117826415, 0.33878289159751107, 0.3299570435412662]
[0.33878289159751107, 0.3299570435412662, 0.31532457482457277]
[0.3299570435412662, 0.31532457482457277, 0.3184483506050525]
[0.31532457482457277, 0.3184483506050525, 0.34328613977571332]
[0.3184483506050525, 0.34328613977571332, 0.35390042374718261]
[0.34328613977571332, 0.35390042374718261, 0.32524205810622842]
[0.35390042374718261, 0.32524205810622842, 0.33620160663435933]
[0.32524205810622842, 0.33620160663435933, 0.30523511520351088]
[0.33620160663435933, 0.30523511520351088, 0.32162624531627521]
[0.30523511520351088, 0.32162624531627521, 0.31089669093955219]
[0.32162624531627521, 0.31089669093955219, 0.31376875450381003]
[0.31089669093955219, 0.31376875450381003, 0.32641277479438746]
[0.31376875450381003, 0.32641277479438746, 0.32290854406384317]
[0.32641277479438746, 0.32290854406384317, 0.3292961604705954]
[0.32290854406384317, 0.3292961604705954, 0.31334985772371721]
[0.3292961604705954, 0.31334985772371721, 0.33171893149161052]
[0.31334985772371721, 0.33171893149161052, 0.35865866021983472]
[0.33171893149161052, 0.35865866021983472, 0.31529849591589476]
[0.35865866021983472, 0.31529849591589476, 0.3419542810182068]
[0.31529849591589476, 0.3419542810182068, 0.32202882871324057]
[0.3419542810182068, 0.32202882871324057, 0.36791299848749565]
[0.32202882871324057, 0.36791299848749565, 0.3281093953233592]
[0.36791299848749565, 0.3281093953233592, 0.34169973831984191]
[0.3281093953233592, 0.34169973831984191, 0.31644595717217505]
[0.34169973831984191, 0.31644595717217505, 0.3037540055414768]
[0.31644595717217505, 0.3037540055414768, 0.31964358019685118]
[0.3037540055414768, 0.31964358019685118, 0.35279696176334452]
[0.31964358019685118, 0.35279696176334452, 0.28861685148979455]
[0.35279696176334452, 0.28861685148979455, 0.37072616550938331]
[0.28861685148979455, 0.37072616550938331, 0.33480324361028013]
[0.37072616550938331, 0.33480324361028013, 0.30858023591934108]
[0.33480324361028013, 0.30858023591934108, 0.34351558533581772]
[0.30858023591934108, 0.34351558533581772, 0.33618206432318976]
[0.34351558533581772, 0.33618206432318976, 0.39625251373691295]
[0.33618206432318976, 0.39625251373691295, 0.36363109802245319]
[0.39625251373691295, 0.36363109802245319, 0.35073615277577463]
[0.36363109802245319, 0.35073615277577463, 0.38524307647579836]
[0.35073615277577463, 0.38524307647579836, 0.32037228381166283]
[0.38524307647579836, 0.32037228381166283, 0.3309358779833419]
[0.32037228381166283, 0.3309358779833419, 0.37731807271058615]
[0.3309358779833419, 0.37731807271058615, 0.36149125587982378]
[0.37731807271058615, 0.36149125587982378, 0.30428627147355691]
[0.36149125587982378, 0.30428627147355691, 0.32724524816694367]
[0.30428627147355691, 0.32724524816694367, 0.29009391343246993]
[0.32724524816694367, 0.29009391343246993, 0.32467585956381073]
[0.29009391343246993, 0.32467585956381073, 0.3169534648179323]
[0.32467585956381073, 0.3169534648179323, 0.34102960950801575]
[0.3169534648179323, 0.34102960950801575, 0.31481176074481176]
[0.34102960950801575, 0.31481176074481176, 0.30389523657344963]
[0.31481176074481176, 0.30389523657344963, 0.33860417817775729]
[0.30389523657344963, 0.33860417817775729, 0.29823686508378539]
[0.33860417817775729, 0.29823686508378539, 0.36354867673962699]
[0.29823686508378539, 0.36354867673962699, 0.37091542312895809]
[0.36354867673962699, 0.37091542312895809, 0.33288951069329209]
[0.37091542312895809, 0.33288951069329209, 0.31975926046002512]
[0.33288951069329209, 0.31975926046002512, 0.36169646858581611]
[0.31975926046002512, 0.36169646858581611, 0.36214673119485141]
[0.36169646858581611, 0.36214673119485141, 0.32441194755352731]
[0.36214673119485141, 0.32441194755352731, 0.38141247307088288]
[0.32441194755352731, 0.38141247307088288, 0.34964051206464708]
[0.38141247307088288, 0.34964051206464708, 0.32641004688809971]
[0.34964051206464708, 0.32641004688809971, 0.33147696529980542]
[0.32641004688809971, 0.33147696529980542, 0.34594516793331931]
[0.33147696529980542, 0.34594516793331931, 0.36192206750919054]
[0.34594516793331931, 0.36192206750919054, 0.37797772255980461]
[0.36192206750919054, 0.37797772255980461, 0.30206017257306406]
[0.37797772255980461, 0.30206017257306406, 0.28694705076659766]
[0.30206017257306406, 0.28694705076659766, 0.27403723365170485]
[0.28694705076659766, 0.27403723365170485, 0.3678991864270385]
[0.27403723365170485, 0.3678991864270385, 0.30263308703555969]
[0.3678991864270385, 0.30263308703555969, 0.27323922562652569]
[0.30263308703555969, 0.27323922562652569, 0.34309340770497038]
[0.27323922562652569, 0.34309340770497038, 0.28783525804391907]
[0.34309340770497038, 0.28783525804391907, 0.26144405460586906]
[0.28783525804391907, 0.26144405460586906, 0.27086555829826847]
[0.26144405460586906, 0.27086555829826847, 0.33303468022710569]
[0.27086555829826847, 0.33303468022710569, 0.34977542618412288]
[0.33303468022710569, 0.34977542618412288, 0.29984530164191492]
[0.34977542618412288, 0.29984530164191492, 0.35239817802805545]
[0.29984530164191492, 0.35239817802805545, 0.3708545018659698]
[0.35239817802805545, 0.3708545018659698, 0.29689865666475845]
[0.3708545018659698, 0.29689865666475845, 0.32530186724607735]
[0.29689865666475845, 0.32530186724607735, 0.34627195919959008]
[0.32530186724607735, 0.34627195919959008, 0.30245040427122372]
[0.34627195919959008, 0.30245040427122372, 0.34873079384834071]
[0.30245040427122372, 0.34873079384834071, 0.33846107742492459]
[0.34873079384834071, 0.33846107742492459, 0.2802924838566978]
[0.33846107742492459, 0.2802924838566978, 0.30528282334208101]
[0.2802924838566978, 0.30528282334208101, 0.32731993956733979]
[0.30528282334208101, 0.32731993956733979, 0.35480678222460565]
[0.32731993956733979, 0.35480678222460565, 0.35976020215018817]
[0.35480678222460565, 0.35976020215018817, 0.35336697404346029]
[0.35976020215018817, 0.35336697404346029, 0.32105755497781152]
[0.35336697404346029, 0.32105755497781152, 0.32206852247969547]
[0.32105755497781152, 0.32206852247969547, 0.32475244705001971]
[0.32206852247969547, 0.32475244705001971, 0.35751724839864629]
[0.32475244705001971, 0.35751724839864629, 0.37196281845690432]
[0.35751724839864629, 0.37196281845690432, 0.32867551724576188]
[0.37196281845690432, 0.32867551724576188, 0.31976305505383945]
[0.32867551724576188, 0.31976305505383945, 0.34343000599871565]
[0.31976305505383945, 0.34343000599871565, 0.32777542666984749]
[0.34343000599871565, 0.32777542666984749, 0.34879724699881925]
