[0.22083014349295715, 0.23345735206387247, 0.26292456286346133]
[0.23345735206387247, 0.26292456286346133, 0.23287615638695955]
[0.26292456286346133, 0.23287615638695955, 0.23233609725715779]
[0.23287615638695955, 0.23233609725715779, 0.24078465758440826]
[0.23233609725715779, 0.24078465758440826, 0.25340079391035758]
[0.24078465758440826, 0.25340079391035758, 0.24600100217769078]
[0.25340079391035758, 0.24600100217769078, 0.25010566784724059]
[0.24600100217769078, 0.25010566784724059, 0.2381374824354201]
[0.25010566784724059, 0.2381374824354201, 0.21630786588122178]
[0.2381374824354201, 0.21630786588122178, 0.29006571351371835]
[0.21630786588122178, 0.29006571351371835, 0.17559846559530518]
[0.29006571351371835, 0.17559846559530518, 0.23127527803505404]
[0.17559846559530518, 0.23127527803505404, 0.22644152023488062]
[0.23127527803505404, 0.22644152023488062, 0.27162299615166852]
[0.22644152023488062, 0.27162299615166852, 0.20636670200700624]
[0.27162299615166852, 0.20636670200700624, 0.15921275279834107]
[0.20636670200700624, 0.15921275279834107, 0.20560853419812081]
[0.15921275279834107, 0.20560853419812081, 0.2170332163583571]
[0.20560853419812081, 0.2170332163583571, 0.20300109751157708]
[0.2170332163583571, 0.20300109751157708, 0.21119679689438578]
[0.20300109751157708, 0.21119679689438578, 0.23241734210776324]
[0.21119679689438578, 0.23241734210776324, 0.31694643429778036]
[0.23241734210776324, 0.31694643429778036, 0.21590007399636099]
[0.31694643429778036, 0.21590007399636099, 0.35110067418198754]
[0.21590007399636099, 0.35110067418198754, 0.3101751547590863]
[0.35110067418198754, 0.3101751547590863, 0.21449731939388963]
[0.3101751547590863, 0.21449731939388963, 0.20741468435188942]
[0.21449731939388963, 0.20741468435188942, 0.20474805692477818]
[0.20741468435188942, 0.20474805692477818, 0.18440836293205787]
[0.20474805692477818, 0.18440836293205787, 0.18625473841813081]
[0.18440836293205787, 0.18625473841813081, 0.21281779392183142]
[0.18625473841813081, 0.21281779392183142, 0.19733680364068543]
[0.21281779392183142, 0.19733680364068543, 0.20984504435810347]
[0.19733680364068543, 0.20984504435810347, 0.1886675920417229]
[0.20984504435810347, 0.1886675920417229, 0.19857961600976637]
[0.1886675920417229, 0.19857961600976637, 0.18031743288951871]
[0.19857961600976637, 0.18031743288951871, 0.21221008576616829]
[0.18031743288951871, 0.21221008576616829, 0.1897017738040693]
[0.21221008576616829, 0.1897017738040693, 0.20739101601195953]
[0.1897017738040693, 0.20739101601195953, 0.20250265070881901]
[0.20739101601195953, 0.20250265070881901, 0.21208926590937766]
[0.20250265070881901, 0.21208926590937766, 0.1897017738040693]
[0.21208926590937766, 0.1897017738040693, 0.21347829828562104]
[0.1897017738040693, 0.21347829828562104, 0.20419432678743513]
[0.21347829828562104, 0.20419432678743513, 0.18592348010616538]
[0.20419432678743513, 0.18592348010616538, 0.20682044749856515]
[0.18592348010616538, 0.20682044749856515, 0.19034993019845431]
[0.20682044749856515, 0.19034993019845431, 0.20121621460542216]
[0.19034993019845431, 0.20121621460542216, 0.19979670734649907]
[0.20121621460542216, 0.19979670734649907, 0.1754786132147251]
[0.19979670734649907, 0.1754786132147251, 0.19871292846333205]
[0.1754786132147251, 0.19871292846333205, 0.21074244299986317]
[0.19871292846333205, 0.21074244299986317, 0.24024347074012981]
[0.21074244299986317, 0.24024347074012981, 0.19727695770229392]
[0.24024347074012981, 0.19727695770229392, 0.20562072748870286]
[0.19727695770229392, 0.20562072748870286, 0.3008402869585195]
[0.20562072748870286, 0.3008402869585195, 0.29601264679141398]
[0.3008402869585195, 0.29601264679141398, 0.28672480576292497]
[0.29601264679141398, 0.28672480576292497, 0.27248418701871724]
[0.28672480576292497, 0.27248418701871724, 0.30164109653389592]
[0.27248418701871724, 0.30164109653389592, 0.28078062202355469]
[0.30164109653389592, 0.28078062202355469, 0.25650593812839834]
[0.28078062202355469, 0.25650593812839834, 0.26426622922306425]
[0.25650593812839834, 0.26426622922306425, 0.31521139433040807]
[0.26426622922306425, 0.31521139433040807, 0.34937061125728325]
[0.31521139433040807, 0.34937061125728325, 0.22175012948407455]
[0.34937061125728325, 0.22175012948407455, 0.25158583994271183]
[0.22175012948407455, 0.25158583994271183, 0.32086852987766024]
[0.25158583994271183, 0.32086852987766024, 0.21397531772317901]
[0.32086852987766024, 0.21397531772317901, 0.30116303484110379]
[0.21397531772317901, 0.30116303484110379, 0.33812783818650205]
[0.30116303484110379, 0.33812783818650205, 0.30827440771572467]
[0.33812783818650205, 0.30827440771572467, 0.26925427838056071]
[0.30827440771572467, 0.26925427838056071, 0.25551471173482299]
[0.26925427838056071, 0.25551471173482299, 0.21573244911552106]
[0.25551471173482299, 0.21573244911552106, 0.31243139504915463]
[0.21573244911552106, 0.31243139504915463, 0.31793933420837617]
[0.31243139504915463, 0.31793933420837617, 0.27499375529892578]
[0.31793933420837617, 0.27499375529892578, 0.23546418449770135]
[0.27499375529892578, 0.23546418449770135, 0.18638424708919768]
[0.23546418449770135, 0.18638424708919768, 0.27390361641941519]
[0.18638424708919768, 0.27390361641941519, 0.20997382127369685]
[0.27390361641941519, 0.20997382127369685, 0.24341523151255451]
[0.20997382127369685, 0.24341523151255451, 0.21440687031170036]
[0.24341523151255451, 0.21440687031170036, 0.21592423227452623]
[0.21440687031170036, 0.21592423227452623, 0.18427764607895405]
[0.21592423227452623, 0.18427764607895405, 0.17220646369164117]
[0.18427764607895405, 0.17220646369164117, 0.18313895189205553]
[0.17220646369164117, 0.18313895189205553, 0.16582391293233539]
[0.18313895189205553, 0.16582391293233539, 0.17839962252151226]
[0.16582391293233539, 0.17839962252151226, 0.1922614159107503]
[0.17839962252151226, 0.1922614159107503, 0.17871994428726246]
[0.1922614159107503, 0.17871994428726246, 0.1708818748500783]
[0.17871994428726246, 0.1708818748500783, 0.1597459509928702]
[0.1708818748500783, 0.1597459509928702, 0.17588532149262565]
[0.1597459509928702, 0.17588532149262565, 0.17388838166202919]
[0.17588532149262565, 0.17388838166202919, 0.17682894410208963]
[0.17388838166202919, 0.17682894410208963, 0.16824029836823987]
[0.17682894410208963, 0.16824029836823987, 0.18763130975628978]
[0.16824029836823987, 0.18763130975628978, 0.17937718719934226]
[0.18763130975628978, 0.17937718719934226, 0.16835073469880582]
[0.17937718719934226, 0.16835073469880582, 0.17537480686449791]
[0.16835073469880582, 0.17537480686449791, 0.15538409270732956]
[0.17537480686449791, 0.15538409270732956, 0.17111861377669052]
[0.15538409270732956, 0.17111861377669052, 0.14309410206109835]
[0.17111861377669052, 0.14309410206109835, 0.17422461531786904]
[0.14309410206109835, 0.17422461531786904, 0.15912186186930721]
[0.17422461531786904, 0.15912186186930721, 0.16724509302344132]
[0.15912186186930721, 0.16724509302344132, 0.17446241540135191]
[0.16724509302344132, 0.17446241540135191, 0.16959909061566095]
[0.17446241540135191, 0.16959909061566095, 0.17771316998393352]
[0.16959909061566095, 0.17771316998393352, 0.16464245258092713]
[0.17771316998393352, 0.16464245258092713, 0.15294069456096215]
[0.16464245258092713, 0.15294069456096215, 0.1748914126722183]
[0.15294069456096215, 0.1748914126722183, 0.20559570643834901]
[0.1748914126722183, 0.20559570643834901, 0.21525618050520989]
[0.20559570643834901, 0.21525618050520989, 0.18272538546921102]
[0.21525618050520989, 0.18272538546921102, 0.19411785085272515]
[0.18272538546921102, 0.19411785085272515, 0.15898845295952208]
[0.19411785085272515, 0.15898845295952208, 0.14707541492431134]
[0.15898845295952208, 0.14707541492431134, 0.18727338430719515]
[0.14707541492431134, 0.18727338430719515, 0.16085972094520587]
[0.18727338430719515, 0.16085972094520587, 0.16055277272187973]
[0.16085972094520587, 0.16055277272187973, 0.18495465733790986]
[0.16055277272187973, 0.18495465733790986, 0.20176055751657751]
[0.18495465733790986, 0.20176055751657751, 0.21360822575216026]
[0.20176055751657751, 0.21360822575216026, 0.17861044367054801]
[0.21360822575216026, 0.17861044367054801, 0.17320952475691323]
[0.17861044367054801, 0.17320952475691323, 0.26105032761000685]
[0.17320952475691323, 0.26105032761000685, 0.21894176804535206]
[0.26105032761000685, 0.21894176804535206, 0.21512576060687194]
[0.21894176804535206, 0.21512576060687194, 0.23894230499458433]
[0.21512576060687194, 0.23894230499458433, 0.24137341593495792]
[0.23894230499458433, 0.24137341593495792, 0.23036386815542403]
[0.24137341593495792, 0.23036386815542403, 0.22507553909550185]
[0.23036386815542403, 0.22507553909550185, 0.22337096905303158]
[0.22507553909550185, 0.22337096905303158, 0.20951095130667619]
[0.22337096905303158, 0.20951095130667619, 0.21938312393307138]
[0.20951095130667619, 0.21938312393307138, 0.23137599145709573]
[0.21938312393307138, 0.23137599145709573, 0.1395391425909237]
[0.23137599145709573, 0.1395391425909237, 0.16482816225085395]
[0.1395391425909237, 0.16482816225085395, 0.17364708830823078]
[0.16482816225085395, 0.17364708830823078, 0.16702075205046163]
[0.17364708830823078, 0.16702075205046163, 0.16284135667774979]
[0.16702075205046163, 0.16284135667774979, 0.17587651588018022]
[0.16284135667774979, 0.17587651588018022, 0.15333605757774849]
[0.17587651588018022, 0.15333605757774849, 0.15303825325844958]
[0.15333605757774849, 0.15303825325844958, 0.17068400425486652]
[0.15303825325844958, 0.17068400425486652, 0.15036240656231148]
[0.17068400425486652, 0.15036240656231148, 0.18130829375385321]
[0.15036240656231148, 0.18130829375385321, 0.17691756486048726]
[0.18130829375385321, 0.17691756486048726, 0.16809938996014046]
[0.17691756486048726, 0.16809938996014046, 0.16165516537014762]
[0.16809938996014046, 0.16165516537014762, 0.17539921376247969]
[0.16165516537014762, 0.17539921376247969, 0.1717046493658273]
[0.17539921376247969, 0.1717046493658273, 0.18804588794582131]
[0.1717046493658273, 0.18804588794582131, 0.1805588779108277]
[0.18804588794582131, 0.1805588779108277, 0.16371220932638342]
[0.1805588779108277, 0.16371220932638342, 0.18066328201106147]
[0.16371220932638342, 0.18066328201106147, 0.16419047762046735]
[0.18066328201106147, 0.16419047762046735, 0.15863012599168091]
[0.16419047762046735, 0.15863012599168091, 0.17962541172897906]
[0.15863012599168091, 0.17962541172897906, 0.17866356684419332]
[0.17962541172897906, 0.17866356684419332, 0.16300334294474844]
[0.17866356684419332, 0.16300334294474844, 0.16938000262329492]
[0.16300334294474844, 0.16938000262329492, 0.1724949893878093]
[0.16938000262329492, 0.1724949893878093, 0.14916981628611056]
[0.1724949893878093, 0.14916981628611056, 0.16337445155341351]
[0.14916981628611056, 0.16337445155341351, 0.189578186505199]
[0.16337445155341351, 0.189578186505199, 0.17412968250213112]
[0.189578186505199, 0.17412968250213112, 0.17621499515133981]
[0.17412968250213112, 0.17621499515133981, 0.16686945569201495]
[0.17621499515133981, 0.16686945569201495, 0.16165398017525362]
[0.16686945569201495, 0.16165398017525362, 0.19394180898665836]
[0.16165398017525362, 0.19394180898665836, 0.18203175964693755]
[0.19394180898665836, 0.18203175964693755, 0.20848156243335331]
[0.18203175964693755, 0.20848156243335331, 0.207741519195102]
[0.20848156243335331, 0.207741519195102, 0.18392187391106701]
[0.207741519195102, 0.18392187391106701, 0.19072743119103502]
[0.18392187391106701, 0.19072743119103502, 0.20339155355539576]
[0.19072743119103502, 0.20339155355539576, 0.21325455929441323]
[0.20339155355539576, 0.21325455929441323, 0.21785038541666912]
[0.21325455929441323, 0.21785038541666912, 0.18886355895609319]
[0.21785038541666912, 0.18886355895609319, 0.19709619311989357]
[0.18886355895609319, 0.19709619311989357, 0.20832925963075916]
[0.19709619311989357, 0.20832925963075916, 0.18305673010174253]
[0.20832925963075916, 0.18305673010174253, 0.19264925818807063]
[0.18305673010174253, 0.19264925818807063, 0.2107924104769584]
[0.19264925818807063, 0.2107924104769584, 0.17994894146206142]
[0.2107924104769584, 0.17994894146206142, 0.1999729286907691]
[0.17994894146206142, 0.1999729286907691, 0.19112729874910517]
[0.1999729286907691, 0.19112729874910517, 0.19097077387060218]
[0.19112729874910517, 0.19097077387060218, 0.18166131508213684]
[0.19097077387060218, 0.18166131508213684, 0.17682251037121033]
[0.18166131508213684, 0.17682251037121033, 0.22121260530898509]
[0.17682251037121033, 0.22121260530898509, 0.20415075900769955]
[0.22121260530898509, 0.20415075900769955, 0.21073867948992817]
[0.20415075900769955, 0.21073867948992817, 0.19042543423073796]
[0.21073867948992817, 0.19042543423073796, 0.20953221469417177]
[0.19042543423073796, 0.20953221469417177, 0.19222360854215667]
[0.20953221469417177, 0.19222360854215667, 0.19349239495759843]
[0.19222360854215667, 0.19349239495759843, 0.20883847501341837]
[0.19349239495759843, 0.20883847501341837, 0.21664792692969254]
[0.20883847501341837, 0.21664792692969254, 0.20516441116704615]
[0.21664792692969254, 0.20516441116704615, 0.23118841783476665]
[0.20516441116704615, 0.23118841783476665, 0.23106603683524291]
[0.23118841783476665, 0.23106603683524291, 0.20382994304059737]
[0.23106603683524291, 0.20382994304059737, 0.21696925685628118]
[0.20382994304059737, 0.21696925685628118, 0.19489182592079435]
[0.21696925685628118, 0.19489182592079435, 0.22125688853754616]
[0.19489182592079435, 0.22125688853754616, 0.21483832377865933]
[0.22125688853754616, 0.21483832377865933, 0.26061417012033139]
[0.21483832377865933, 0.26061417012033139, 0.22164113934523455]
[0.26061417012033139, 0.22164113934523455, 0.21217342297917291]
[0.22164113934523455, 0.21217342297917291, 0.20773010460247046]
[0.21217342297917291, 0.20773010460247046, 0.2388876433810822]
[0.20773010460247046, 0.2388876433810822, 0.20387777440749288]
[0.2388876433810822, 0.20387777440749288, 0.22925272280997661]
[0.20387777440749288, 0.22925272280997661, 0.22774277064347531]
[0.22925272280997661, 0.22774277064347531, 0.23267068129380025]
[0.22774277064347531, 0.23267068129380025, 0.21777852279694201]
[0.23267068129380025, 0.21777852279694201, 0.19602970866058067]
[0.21777852279694201, 0.19602970866058067, 0.19810494440894655]
[0.19602970866058067, 0.19810494440894655, 0.20367064411131297]
[0.19810494440894655, 0.20367064411131297, 0.2186992524411655]
[0.20367064411131297, 0.2186992524411655, 0.21572090003763095]
[0.2186992524411655, 0.21572090003763095, 0.22637219019344368]
[0.21572090003763095, 0.22637219019344368, 0.216351761376923]
[0.22637219019344368, 0.216351761376923, 0.23891241229578297]
[0.216351761376923, 0.23891241229578297, 0.20363211875185921]
[0.23891241229578297, 0.20363211875185921, 0.18808320795000028]
[0.20363211875185921, 0.18808320795000028, 0.21741866646451663]
[0.18808320795000028, 0.21741866646451663, 0.17858541298261502]
[0.21741866646451663, 0.17858541298261502, 0.20452453000571519]
[0.17858541298261502, 0.20452453000571519, 0.20573771950810038]
[0.20452453000571519, 0.20573771950810038, 0.21961620134790619]
[0.20573771950810038, 0.21961620134790619, 0.21170308467230795]
[0.21961620134790619, 0.21170308467230795, 0.22525052305837706]
[0.21170308467230795, 0.22525052305837706, 0.21223146253574335]
[0.22525052305837706, 0.21223146253574335, 0.21170308467230795]
[0.21223146253574335, 0.21170308467230795, 0.20058407283479252]
[0.21170308467230795, 0.20058407283479252, 0.19239767868160354]
[0.20058407283479252, 0.19239767868160354, 0.21870710800436632]
[0.19239767868160354, 0.21870710800436632, 0.18990793474810858]
[0.21870710800436632, 0.18990793474810858, 0.19239767868160354]
[0.18990793474810858, 0.19239767868160354, 0.19884685013851702]
[0.19239767868160354, 0.19884685013851702, 0.21632874981569702]
[0.19884685013851702, 0.21632874981569702, 0.19175582931102031]
[0.21632874981569702, 0.19175582931102031, 0.19288217936266377]
[0.19175582931102031, 0.19288217936266377, 0.20669148619068178]
[0.19288217936266377, 0.20669148619068178, 0.19239767868160354]
[0.20669148619068178, 0.19239767868160354, 0.20320267714283524]
[0.19239767868160354, 0.20320267714283524, 0.21246384304371019]
[0.20320267714283524, 0.21246384304371019, 0.22661604035666397]
[0.21246384304371019, 0.22661604035666397, 0.25882729130454146]
[0.22661604035666397, 0.25882729130454146, 0.30167660470017793]
[0.25882729130454146, 0.30167660470017793, 0.26429634160622328]
[0.30167660470017793, 0.26429634160622328, 0.19813948440596468]
[0.26429634160622328, 0.19813948440596468, 0.24968827468810159]
[0.19813948440596468, 0.24968827468810159, 0.19917199290275339]
[0.24968827468810159, 0.19917199290275339, 0.24381806111616489]
[0.19917199290275339, 0.24381806111616489, 0.21717756524101384]
[0.24381806111616489, 0.21717756524101384, 0.18867311971072559]
[0.21717756524101384, 0.18867311971072559, 0.18711251918996488]
[0.18867311971072559, 0.18711251918996488, 0.19834746835923139]
[0.18711251918996488, 0.19834746835923139, 0.19296693329029674]
[0.19834746835923139, 0.19296693329029674, 0.24772344563257961]
[0.19296693329029674, 0.24772344563257961, 0.19754612302081667]
[0.24772344563257961, 0.19754612302081667, 0.19009423655938806]
[0.19754612302081667, 0.19009423655938806, 0.19353758309014404]
[0.19009423655938806, 0.19353758309014404, 0.26294087589081655]
[0.19353758309014404, 0.26294087589081655, 0.20976833370849179]
[0.26294087589081655, 0.20976833370849179, 0.19380201381377685]
[0.20976833370849179, 0.19380201381377685, 0.19267551757545093]
[0.19380201381377685, 0.19267551757545093, 0.19542746838074043]
[0.19267551757545093, 0.19542746838074043, 0.18986361089414125]
[0.19542746838074043, 0.18986361089414125, 0.17804262027116891]
[0.18986361089414125, 0.17804262027116891, 0.17632322755987001]
[0.17804262027116891, 0.17632322755987001, 0.17052582624757734]
[0.17632322755987001, 0.17052582624757734, 0.1917146586361162]
[0.17052582624757734, 0.1917146586361162, 0.17920582714058281]
[0.1917146586361162, 0.17920582714058281, 0.17675799354747967]
[0.17920582714058281, 0.17675799354747967, 0.17101548899512609]
[0.17675799354747967, 0.17101548899512609, 0.19923068495912663]
[0.17101548899512609, 0.19923068495912663, 0.20726678315458391]
[0.19923068495912663, 0.20726678315458391, 0.1926580577567143]
[0.20726678315458391, 0.1926580577567143, 0.23036325173849853]
[0.1926580577567143, 0.23036325173849853, 0.19220598124354329]
[0.23036325173849853, 0.19220598124354329, 0.23284871722710793]
[0.19220598124354329, 0.23284871722710793, 0.18037311005151227]
[0.23284871722710793, 0.18037311005151227, 0.17727493608032713]
[0.18037311005151227, 0.17727493608032713, 0.17782865320896485]
[0.17727493608032713, 0.17782865320896485, 0.16094013603152796]
[0.17782865320896485, 0.16094013603152796, 0.19282169073238511]
[0.16094013603152796, 0.19282169073238511, 0.19245887090593444]
[0.19282169073238511, 0.19245887090593444, 0.18039632518808604]
[0.19245887090593444, 0.18039632518808604, 0.16626892243728941]
[0.18039632518808604, 0.16626892243728941, 0.19029896222299653]
[0.16626892243728941, 0.19029896222299653, 0.1926580577567143]
[0.19029896222299653, 0.1926580577567143, 0.18360785065897336]
[0.1926580577567143, 0.18360785065897336, 0.19634129447479054]
[0.18360785065897336, 0.19634129447479054, 0.22411366472259459]
[0.19634129447479054, 0.22411366472259459, 0.19434138553593228]
[0.22411366472259459, 0.19434138553593228, 0.19457878393547401]
[0.19434138553593228, 0.19457878393547401, 0.1926580577567143]
[0.19457878393547401, 0.1926580577567143, 0.20181233485679698]
[0.1926580577567143, 0.20181233485679698, 0.1916414780958155]
[0.20181233485679698, 0.1916414780958155, 0.16344761189363821]
[0.1916414780958155, 0.16344761189363821, 0.16080886562822003]
[0.16344761189363821, 0.16080886562822003, 0.16164008643578417]
[0.16080886562822003, 0.16164008643578417, 0.17457619751095316]
[0.16164008643578417, 0.17457619751095316, 0.1711790878981071]
[0.17457619751095316, 0.1711790878981071, 0.17441288435597832]
[0.1711790878981071, 0.17441288435597832, 0.18802922175520906]
[0.17441288435597832, 0.18802922175520906, 0.1806945865990654]
[0.18802922175520906, 0.1806945865990654, 0.18761720721871319]
[0.1806945865990654, 0.18761720721871319, 0.19263294104538131]
[0.18761720721871319, 0.19263294104538131, 0.16094013603152796]
[0.19263294104538131, 0.16094013603152796, 0.17287767325593539]
[0.16094013603152796, 0.17287767325593539, 0.17920582714058281]
[0.17287767325593539, 0.17920582714058281, 0.17531931183243177]
[0.17920582714058281, 0.17531931183243177, 0.18726261547311579]
[0.17531931183243177, 0.18726261547311579, 0.17918916094997056]
[0.18726261547311579, 0.17918916094997056, 0.17973355105741351]
[0.17918916094997056, 0.17973355105741351, 0.17246516598063066]
[0.17973355105741351, 0.17246516598063066, 0.2137701254141619]
[0.17246516598063066, 0.2137701254141619, 0.17606575059756016]
[0.2137701254141619, 0.17606575059756016, 0.17737510244961091]
[0.17606575059756016, 0.17737510244961091, 0.17630643965642873]
[0.17737510244961091, 0.17630643965642873, 0.19955867980525022]
[0.17630643965642873, 0.19955867980525022, 0.17369694227999932]
[0.19955867980525022, 0.17369694227999932, 0.16851678696751521]
[0.17369694227999932, 0.16851678696751521, 0.17576391668757477]
[0.16851678696751521, 0.17576391668757477, 0.16992529299285181]
[0.17576391668757477, 0.16992529299285181, 0.18131090406112832]
[0.16992529299285181, 0.18131090406112832, 0.17318357247490249]
[0.18131090406112832, 0.17318357247490249, 0.20365567743627028]
[0.17318357247490249, 0.20365567743627028, 0.17530343926994393]
[0.20365567743627028, 0.17530343926994393, 0.17890663505484106]
[0.17530343926994393, 0.17890663505484106, 0.18176569571481072]
[0.17890663505484106, 0.18176569571481072, 0.2145513305854449]
[0.18176569571481072, 0.2145513305854449, 0.17457619751095316]
[0.2145513305854449, 0.17457619751095316, 0.18818176687658816]
[0.17457619751095316, 0.18818176687658816, 0.20258624615730303]
[0.18818176687658816, 0.20258624615730303, 0.20258624615730303]
[0.20258624615730303, 0.20258624615730303, 0.18478943794345484]
[0.20258624615730303, 0.18478943794345484, 0.17456032494846532]
[0.18478943794345484, 0.17456032494846532, 0.2079362569722745]
[0.17456032494846532, 0.2079362569722745, 0.17832577828150453]
[0.2079362569722745, 0.17832577828150453, 0.19164237167316686]
[0.17832577828150453, 0.19164237167316686, 0.21663954407349389]
[0.19164237167316686, 0.21663954407349389, 0.20689330824365154]
[0.21663954407349389, 0.20689330824365154, 0.22760473503348971]
[0.20689330824365154, 0.22760473503348971, 0.19097077387060218]
[0.22760473503348971, 0.19097077387060218, 0.22610681104328573]
[0.19097077387060218, 0.22610681104328573, 0.17970033579565103]
[0.22610681104328573, 0.17970033579565103, 0.16350925967440438]
[0.17970033579565103, 0.16350925967440438, 0.16395431242766023]
[0.16350925967440438, 0.16395431242766023, 0.18438340501780814]
[0.16395431242766023, 0.18438340501780814, 0.16501249308814156]
[0.18438340501780814, 0.16501249308814156, 0.17079692987319398]
[0.16501249308814156, 0.17079692987319398, 0.16098222319452909]
[0.17079692987319398, 0.16098222319452909, 0.1865027631036876]
[0.16098222319452909, 0.1865027631036876, 0.16887515649159435]
[0.1865027631036876, 0.16887515649159435, 0.16724251126264023]
[0.16887515649159435, 0.16724251126264023, 0.17758874336935915]
[0.16724251126264023, 0.17758874336935915, 0.18881361176291889]
[0.17758874336935915, 0.18881361176291889, 0.18648147159165063]
[0.18881361176291889, 0.18648147159165063, 0.15898959537833601]
[0.18648147159165063, 0.15898959537833601, 0.18155140086836197]
[0.15898959537833601, 0.18155140086836197, 0.18003615223104041]
[0.18155140086836197, 0.18003615223104041, 0.17306336166520758]
[0.18003615223104041, 0.17306336166520758, 0.1738379652935679]
[0.17306336166520758, 0.1738379652935679, 0.18399969267105482]
[0.1738379652935679, 0.18399969267105482, 0.1664041066048651]
[0.18399969267105482, 0.1664041066048651, 0.16960729890154669]
[0.1664041066048651, 0.16960729890154669, 0.19069098861238395]
[0.16960729890154669, 0.19069098861238395, 0.16951943489204613]
[0.19069098861238395, 0.16951943489204613, 0.18592724357376889]
[0.16951943489204613, 0.18592724357376889, 0.19105477887093689]
[0.18592724357376889, 0.19105477887093689, 0.16851231652252915]
[0.19105477887093689, 0.16851231652252915, 0.1849467469697349]
[0.16851231652252915, 0.1849467469697349, 0.30408627922642795]
[0.1849467469697349, 0.30408627922642795, 0.2924197062024278]
[0.30408627922642795, 0.2924197062024278, 0.28649808353227718]
[0.2924197062024278, 0.28649808353227718, 0.20670192529059461]
[0.28649808353227718, 0.20670192529059461, 0.21530615044723753]
[0.20670192529059461, 0.21530615044723753, 0.20055791060538147]
[0.21530615044723753, 0.20055791060538147, 0.2419994401706127]
[0.20055791060538147, 0.2419994401706127, 0.21035231149322864]
[0.2419994401706127, 0.21035231149322864, 0.22757306060923077]
[0.21035231149322864, 0.22757306060923077, 0.2005253745228267]
[0.22757306060923077, 0.2005253745228267, 0.31890204750174411]
[0.2005253745228267, 0.31890204750174411, 0.30540270613799841]
[0.31890204750174411, 0.30540270613799841, 0.35605028711543985]
[0.30540270613799841, 0.35605028711543985, 0.29028519637407635]
[0.35605028711543985, 0.29028519637407635, 0.30347188806143754]
[0.29028519637407635, 0.30347188806143754, 0.18822752735483791]
[0.30347188806143754, 0.18822752735483791, 0.33815362158740964]
[0.18822752735483791, 0.33815362158740964, 0.33473700206809687]
[0.33815362158740964, 0.33473700206809687, 0.32938921236691726]
[0.33473700206809687, 0.32938921236691726, 0.18594420484984256]
[0.32938921236691726, 0.18594420484984256, 0.18328298288858419]
[0.18594420484984256, 0.18328298288858419, 0.18572285879447142]
[0.18328298288858419, 0.18572285879447142, 0.17799072085863268]
[0.18572285879447142, 0.17799072085863268, 0.20232925113786501]
[0.17799072085863268, 0.20232925113786501, 0.20382901564057176]
[0.20232925113786501, 0.20382901564057176, 0.22392489707776275]
[0.20382901564057176, 0.22392489707776275, 0.21019042218680667]
[0.22392489707776275, 0.21019042218680667, 0.20003861013277868]
[0.21019042218680667, 0.20003861013277868, 0.24149742450972855]
[0.20003861013277868, 0.24149742450972855, 0.21739371125794921]
[0.24149742450972855, 0.21739371125794921, 0.19628340660596347]
[0.21739371125794921, 0.19628340660596347, 0.15823343520092908]
[0.19628340660596347, 0.15823343520092908, 0.15274450439446655]
[0.15823343520092908, 0.15274450439446655, 0.19708483952118117]
[0.15274450439446655, 0.19708483952118117, 0.18088074519124331]
[0.19708483952118117, 0.18088074519124331, 0.24339145522007705]
[0.18088074519124331, 0.24339145522007705, 0.19818755028256901]
[0.24339145522007705, 0.19818755028256901, 0.1979248314285427]
[0.19818755028256901, 0.1979248314285427, 0.35125682395672297]
[0.1979248314285427, 0.35125682395672297, 0.29732863854910013]
[0.35125682395672297, 0.29732863854910013, 0.15051951557893553]
[0.29732863854910013, 0.15051951557893553, 0.19916976657255875]
[0.15051951557893553, 0.19916976657255875, 0.19176067824012596]
[0.19916976657255875, 0.19176067824012596, 0.30401394341837495]
[0.19176067824012596, 0.30401394341837495, 0.26574950411973403]
[0.30401394341837495, 0.26574950411973403, 0.31620199174995856]
[0.26574950411973403, 0.31620199174995856, 0.17271426801369152]
[0.31620199174995856, 0.17271426801369152, 0.19145887866017602]
[0.17271426801369152, 0.19145887866017602, 0.32215228552187375]
[0.19145887866017602, 0.32215228552187375, 0.21780235631193406]
[0.32215228552187375, 0.21780235631193406, 0.21622885770518191]
[0.21780235631193406, 0.21622885770518191, 0.17321532284838353]
[0.21622885770518191, 0.17321532284838353, 0.20339882389073946]
[0.17321532284838353, 0.20339882389073946, 0.26947791366680429]
[0.20339882389073946, 0.26947791366680429, 0.26431092772388098]
[0.26947791366680429, 0.26431092772388098, 0.21428178264510572]
[0.26431092772388098, 0.21428178264510572, 0.13740321517280757]
[0.21428178264510572, 0.13740321517280757, 0.28068515819485435]
[0.13740321517280757, 0.28068515819485435, 0.27697571377375457]
[0.28068515819485435, 0.27697571377375457, 0.272468253673955]
[0.27697571377375457, 0.272468253673955, 0.25257708778679844]
[0.272468253673955, 0.25257708778679844, 0.37265337687583411]
[0.25257708778679844, 0.37265337687583411, 0.34497201564891961]
[0.37265337687583411, 0.34497201564891961, 0.33288436291295026]
[0.34497201564891961, 0.33288436291295026, 0.18055308629047867]
[0.33288436291295026, 0.18055308629047867, 0.25964119016651477]
[0.18055308629047867, 0.25964119016651477, 0.22385330690217922]
[0.25964119016651477, 0.22385330690217922, 0.1844357780304102]
[0.22385330690217922, 0.1844357780304102, 0.18546579317336531]
[0.1844357780304102, 0.18546579317336531, 0.18463905490739313]
[0.18546579317336531, 0.18463905490739313, 0.2293212103840219]
[0.18463905490739313, 0.2293212103840219, 0.19482752526121655]
[0.2293212103840219, 0.19482752526121655, 0.27752915549365581]
[0.19482752526121655, 0.27752915549365581, 0.22241480396643479]
[0.27752915549365581, 0.22241480396643479, 0.24459105560456273]
[0.22241480396643479, 0.24459105560456273, 0.20866061928561508]
[0.24459105560456273, 0.20866061928561508, 0.23755450087006319]
[0.20866061928561508, 0.23755450087006319, 0.28596553301088834]
[0.23755450087006319, 0.28596553301088834, 0.27006339189209644]
[0.28596553301088834, 0.27006339189209644, 0.33701881941100231]
[0.27006339189209644, 0.33701881941100231, 0.2371162189249455]
[0.33701881941100231, 0.2371162189249455, 0.24602808889714844]
[0.2371162189249455, 0.24602808889714844, 0.23257625232692564]
[0.24602808889714844, 0.23257625232692564, 0.28670050305588124]
[0.23257625232692564, 0.28670050305588124, 0.26319481033148728]
[0.28670050305588124, 0.26319481033148728, 0.2019374745217267]
[0.26319481033148728, 0.2019374745217267, 0.24303337929255001]
[0.2019374745217267, 0.24303337929255001, 0.21415528268828937]
[0.24303337929255001, 0.21415528268828937, 0.20893548336133844]
[0.21415528268828937, 0.20893548336133844, 0.1904582973607441]
[0.20893548336133844, 0.1904582973607441, 0.19484136442966218]
[0.1904582973607441, 0.19484136442966218, 0.16795913832022466]
[0.19484136442966218, 0.16795913832022466, 0.22405787364932214]
[0.16795913832022466, 0.22405787364932214, 0.24559090858137719]
[0.22405787364932214, 0.24559090858137719, 0.20994310090635471]
[0.24559090858137719, 0.20994310090635471, 0.190169820986968]
[0.20994310090635471, 0.190169820986968, 0.19693107556096145]
[0.190169820986968, 0.19693107556096145, 0.21918445545123669]
[0.19693107556096145, 0.21918445545123669, 0.21051353255937943]
[0.21918445545123669, 0.21051353255937943, 0.18620451182381081]
[0.21051353255937943, 0.18620451182381081, 0.21742798225679866]
[0.18620451182381081, 0.21742798225679866, 0.26295024827128261]
[0.21742798225679866, 0.26295024827128261, 0.28792620360535148]
[0.26295024827128261, 0.28792620360535148, 0.28421595876837424]
[0.28792620360535148, 0.28421595876837424, 0.23569588280328344]
[0.28421595876837424, 0.23569588280328344, 0.22651637091688212]
[0.23569588280328344, 0.22651637091688212, 0.25266281150137387]
[0.22651637091688212, 0.25266281150137387, 0.23428226350894255]
[0.25266281150137387, 0.23428226350894255, 0.23560804045053779]
[0.23428226350894255, 0.23560804045053779, 0.23085679385084096]
[0.23560804045053779, 0.23085679385084096, 0.23168272538014292]
[0.23085679385084096, 0.23168272538014292, 0.16404451496320893]
[0.23168272538014292, 0.16404451496320893, 0.21511613686491562]
[0.16404451496320893, 0.21511613686491562, 0.20290187866662063]
[0.21511613686491562, 0.20290187866662063, 0.19306193221551299]
[0.20290187866662063, 0.19306193221551299, 0.23150531918169848]
[0.19306193221551299, 0.23150531918169848, 0.20121887892575996]
[0.23150531918169848, 0.20121887892575996, 0.21448475507032466]
[0.20121887892575996, 0.21448475507032466, 0.23722254973249202]
[0.21448475507032466, 0.23722254973249202, 0.20962578193997489]
[0.23722254973249202, 0.20962578193997489, 0.22515482052358687]
[0.20962578193997489, 0.22515482052358687, 0.22379950622268946]
[0.22515482052358687, 0.22379950622268946, 0.17845035165586387]
[0.22379950622268946, 0.17845035165586387, 0.1850951629921673]
[0.17845035165586387, 0.1850951629921673, 0.16890340092795264]
[0.1850951629921673, 0.16890340092795264, 0.16536969784753847]
[0.16890340092795264, 0.16536969784753847, 0.16998584441640174]
[0.16536969784753847, 0.16998584441640174, 0.16682746603440241]
[0.16998584441640174, 0.16682746603440241, 0.16408393734702109]
[0.16682746603440241, 0.16408393734702109, 0.17560967017105822]
[0.16408393734702109, 0.17560967017105822, 0.19678122150848432]
[0.17560967017105822, 0.19678122150848432, 0.18381322406281797]
[0.19678122150848432, 0.18381322406281797, 0.184245153969813]
[0.18381322406281797, 0.184245153969813, 0.20224344791139931]
[0.184245153969813, 0.20224344791139931, 0.18086637432001906]
[0.20224344791139931, 0.18086637432001906, 0.18823509384299736]
[0.18086637432001906, 0.18823509384299736, 0.18952545433275131]
[0.18823509384299736, 0.18952545433275131, 0.19111924400963165]
[0.18952545433275131, 0.19111924400963165, 0.20677865884057106]
[0.19111924400963165, 0.20677865884057106, 0.18095097247339842]
[0.20677865884057106, 0.18095097247339842, 0.20751684250507285]
[0.18095097247339842, 0.20751684250507285, 0.18584738001811973]
[0.20751684250507285, 0.18584738001811973, 0.17828569824477783]
[0.18584738001811973, 0.17828569824477783, 0.19653184340287988]
[0.17828569824477783, 0.19653184340287988, 0.18726259017063396]
[0.19653184340287988, 0.18726259017063396, 0.17908211741077934]
[0.18726259017063396, 0.17908211741077934, 0.20961783124098327]
[0.17908211741077934, 0.20961783124098327, 0.18922615966791367]
[0.20961783124098327, 0.18922615966791367, 0.18594997277329844]
[0.18922615966791367, 0.18594997277329844, 0.18952207966050011]
[0.18594997277329844, 0.18952207966050011, 0.21194581594074846]
[0.18952207966050011, 0.21194581594074846, 0.19166454210782252]
[0.21194581594074846, 0.19166454210782252, 0.18069115088128024]
[0.19166454210782252, 0.18069115088128024, 0.18084837971821971]
[0.18069115088128024, 0.18084837971821971, 0.18236157143702258]
[0.18084837971821971, 0.18236157143702258, 0.213727542953108]
[0.18236157143702258, 0.213727542953108, 0.19150465928937493]
[0.213727542953108, 0.19150465928937493, 0.17731779609506249]
[0.19150465928937493, 0.17731779609506249, 0.18584738001811973]
[0.17731779609506249, 0.18584738001811973, 0.20309539993777928]
[0.18584738001811973, 0.20309539993777928, 0.17113630515446188]
[0.20309539993777928, 0.17113630515446188, 0.18260860678306606]
[0.17113630515446188, 0.18260860678306606, 0.17307035041247953]
[0.18260860678306606, 0.17307035041247953, 0.19079947552315779]
[0.17307035041247953, 0.19079947552315779, 0.18166676620517175]
[0.19079947552315779, 0.18166676620517175, 0.17102887886047685]
[0.18166676620517175, 0.17102887886047685, 0.16877722555320518]
[0.17102887886047685, 0.16877722555320518, 0.18175206189203799]
[0.16877722555320518, 0.18175206189203799, 0.1781246495864286]
[0.18175206189203799, 0.1781246495864286, 0.18342435675870064]
[0.1781246495864286, 0.18342435675870064, 0.18132123092678426]
[0.18342435675870064, 0.18132123092678426, 0.1604589175242894]
[0.18132123092678426, 0.1604589175242894, 0.18287094792744218]
[0.1604589175242894, 0.18287094792744218, 0.16908869983160985]
[0.18287094792744218, 0.16908869983160985, 0.16057028157181996]
[0.16908869983160985, 0.16057028157181996, 0.16552152985827823]
[0.16057028157181996, 0.16552152985827823, 0.17231325224805136]
[0.16552152985827823, 0.17231325224805136, 0.1580862270622348]
[0.17231325224805136, 0.1580862270622348, 0.16098178768829871]
[0.1580862270622348, 0.16098178768829871, 0.17269499655189022]
[0.16098178768829871, 0.17269499655189022, 0.15365277615647244]
[0.17269499655189022, 0.15365277615647244, 0.15835148821417452]
[0.15365277615647244, 0.15835148821417452, 0.17087503995138514]
[0.15835148821417452, 0.17087503995138514, 0.16782934854685166]
[0.17087503995138514, 0.16782934854685166, 0.15031391634868424]
