[0.32456594907302261, 0.3275786239424901, 0.32933517116773731, 0.25906003139698552, 0.26904827592877834, 0.24767524749261968]
[0.3275786239424901, 0.32933517116773731, 0.25906003139698552, 0.26904827592877834, 0.24767524749261968, 0.25456188247903372]
[0.32933517116773731, 0.25906003139698552, 0.26904827592877834, 0.24767524749261968, 0.25456188247903372, 0.26071022263463528]
[0.25906003139698552, 0.26904827592877834, 0.24767524749261968, 0.25456188247903372, 0.26071022263463528, 0.24157618681153914]
[0.26904827592877834, 0.24767524749261968, 0.25456188247903372, 0.26071022263463528, 0.24157618681153914, 0.23242696477035113]
[0.24767524749261968, 0.25456188247903372, 0.26071022263463528, 0.24157618681153914, 0.23242696477035113, 0.27792454320244608]
[0.25456188247903372, 0.26071022263463528, 0.24157618681153914, 0.23242696477035113, 0.27792454320244608, 0.28374824422114475]
[0.26071022263463528, 0.24157618681153914, 0.23242696477035113, 0.27792454320244608, 0.28374824422114475, 0.23593608017151541]
[0.24157618681153914, 0.23242696477035113, 0.27792454320244608, 0.28374824422114475, 0.23593608017151541, 0.27281899257206288]
[0.23242696477035113, 0.27792454320244608, 0.28374824422114475, 0.23593608017151541, 0.27281899257206288, 0.28130916887415974]
[0.27792454320244608, 0.28374824422114475, 0.23593608017151541, 0.27281899257206288, 0.28130916887415974, 0.25303749224615785]
[0.28374824422114475, 0.23593608017151541, 0.27281899257206288, 0.28130916887415974, 0.25303749224615785, 0.32420976782349342]
[0.23593608017151541, 0.27281899257206288, 0.28130916887415974, 0.25303749224615785, 0.32420976782349342, 0.28780675433378844]
[0.27281899257206288, 0.28130916887415974, 0.25303749224615785, 0.32420976782349342, 0.28780675433378844, 0.24982692195173367]
[0.28130916887415974, 0.25303749224615785, 0.32420976782349342, 0.28780675433378844, 0.24982692195173367, 0.29152922283284083]
[0.25303749224615785, 0.32420976782349342, 0.28780675433378844, 0.24982692195173367, 0.29152922283284083, 0.28687706467401858]
[0.32420976782349342, 0.28780675433378844, 0.24982692195173367, 0.29152922283284083, 0.28687706467401858, 0.25056135126037127]
[0.28780675433378844, 0.24982692195173367, 0.29152922283284083, 0.28687706467401858, 0.25056135126037127, 0.27755891574990965]
[0.24982692195173367, 0.29152922283284083, 0.28687706467401858, 0.25056135126037127, 0.27755891574990965, 0.27796318206787507]
[0.29152922283284083, 0.28687706467401858, 0.25056135126037127, 0.27755891574990965, 0.27796318206787507, 0.27647476117415937]
[0.28687706467401858, 0.25056135126037127, 0.27755891574990965, 0.27796318206787507, 0.27647476117415937, 0.25466928585735454]
[0.25056135126037127, 0.27755891574990965, 0.27796318206787507, 0.27647476117415937, 0.25466928585735454, 0.26250053890718211]
[0.27755891574990965, 0.27796318206787507, 0.27647476117415937, 0.25466928585735454, 0.26250053890718211, 0.27445891599420913]
[0.27796318206787507, 0.27647476117415937, 0.25466928585735454, 0.26250053890718211, 0.27445891599420913, 0.24303308860372508]
[0.27647476117415937, 0.25466928585735454, 0.26250053890718211, 0.27445891599420913, 0.24303308860372508, 0.29767254923834929]
[0.25466928585735454, 0.26250053890718211, 0.27445891599420913, 0.24303308860372508, 0.29767254923834929, 0.28852351468237114]
[0.26250053890718211, 0.27445891599420913, 0.24303308860372508, 0.29767254923834929, 0.28852351468237114, 0.2865301182555009]
[0.27445891599420913, 0.24303308860372508, 0.29767254923834929, 0.28852351468237114, 0.2865301182555009, 0.25751828999207543]
[0.24303308860372508, 0.29767254923834929, 0.28852351468237114, 0.2865301182555009, 0.25751828999207543, 0.28848246721497284]
[0.29767254923834929, 0.28852351468237114, 0.2865301182555009, 0.25751828999207543, 0.28848246721497284, 0.29923461074722846]
[0.28852351468237114, 0.2865301182555009, 0.25751828999207543, 0.28848246721497284, 0.29923461074722846, 0.28040830969738428]
[0.2865301182555009, 0.25751828999207543, 0.28848246721497284, 0.29923461074722846, 0.28040830969738428, 0.26293180849418873]
[0.25751828999207543, 0.28848246721497284, 0.29923461074722846, 0.28040830969738428, 0.26293180849418873, 0.27056695376045692]
[0.28848246721497284, 0.29923461074722846, 0.28040830969738428, 0.26293180849418873, 0.27056695376045692, 0.29235555419085218]
[0.29923461074722846, 0.28040830969738428, 0.26293180849418873, 0.27056695376045692, 0.29235555419085218, 0.2734390804050878]
[0.28040830969738428, 0.26293180849418873, 0.27056695376045692, 0.29235555419085218, 0.2734390804050878, 0.22477925714399949]
[0.26293180849418873, 0.27056695376045692, 0.29235555419085218, 0.2734390804050878, 0.22477925714399949, 0.27651395334077777]
[0.27056695376045692, 0.29235555419085218, 0.2734390804050878, 0.22477925714399949, 0.27651395334077777, 0.30784831777991351]
[0.29235555419085218, 0.2734390804050878, 0.22477925714399949, 0.27651395334077777, 0.30784831777991351, 0.30867080358753907]
[0.2734390804050878, 0.22477925714399949, 0.27651395334077777, 0.30784831777991351, 0.30867080358753907, 0.2886234158507035]
[0.22477925714399949, 0.27651395334077777, 0.30784831777991351, 0.30867080358753907, 0.2886234158507035, 0.25226654905677448]
[0.27651395334077777, 0.30784831777991351, 0.30867080358753907, 0.2886234158507035, 0.25226654905677448, 0.28900477926592882]
[0.30784831777991351, 0.30867080358753907, 0.2886234158507035, 0.25226654905677448, 0.28900477926592882, 0.29149752960805475]
[0.30867080358753907, 0.2886234158507035, 0.25226654905677448, 0.28900477926592882, 0.29149752960805475, 0.23504872028724622]
[0.2886234158507035, 0.25226654905677448, 0.28900477926592882, 0.29149752960805475, 0.23504872028724622, 0.27945087854960915]
[0.25226654905677448, 0.28900477926592882, 0.29149752960805475, 0.23504872028724622, 0.27945087854960915, 0.24144954378787653]
[0.28900477926592882, 0.29149752960805475, 0.23504872028724622, 0.27945087854960915, 0.24144954378787653, 0.24256432147024276]
[0.29149752960805475, 0.23504872028724622, 0.27945087854960915, 0.24144954378787653, 0.24256432147024276, 0.24462150608190095]
[0.23504872028724622, 0.27945087854960915, 0.24144954378787653, 0.24256432147024276, 0.24462150608190095, 0.25243818689586728]
[0.27945087854960915, 0.24144954378787653, 0.24256432147024276, 0.24462150608190095, 0.25243818689586728, 0.20226131708696043]
[0.24144954378787653, 0.24256432147024276, 0.24462150608190095, 0.25243818689586728, 0.20226131708696043, 0.26386899261372038]
[0.24256432147024276, 0.24462150608190095, 0.25243818689586728, 0.20226131708696043, 0.26386899261372038, 0.28691821989868971]
[0.24462150608190095, 0.25243818689586728, 0.20226131708696043, 0.26386899261372038, 0.28691821989868971, 0.32082261583379817]
[0.25243818689586728, 0.20226131708696043, 0.26386899261372038, 0.28691821989868971, 0.32082261583379817, 0.27321023800251187]
[0.20226131708696043, 0.26386899261372038, 0.28691821989868971, 0.32082261583379817, 0.27321023800251187, 0.25535611857603735]
[0.26386899261372038, 0.28691821989868971, 0.32082261583379817, 0.27321023800251187, 0.25535611857603735, 0.27822774961165564]
[0.28691821989868971, 0.32082261583379817, 0.27321023800251187, 0.25535611857603735, 0.27822774961165564, 0.23749327024256547]
[0.32082261583379817, 0.27321023800251187, 0.25535611857603735, 0.27822774961165564, 0.23749327024256547, 0.25866725956334208]
[0.27321023800251187, 0.25535611857603735, 0.27822774961165564, 0.23749327024256547, 0.25866725956334208, 0.26303467212400578]
[0.25535611857603735, 0.27822774961165564, 0.23749327024256547, 0.25866725956334208, 0.26303467212400578, 0.2314910275126712]
[0.27822774961165564, 0.23749327024256547, 0.25866725956334208, 0.26303467212400578, 0.2314910275126712, 0.23301641505813159]
[0.23749327024256547, 0.25866725956334208, 0.26303467212400578, 0.2314910275126712, 0.23301641505813159, 0.24394684525445309]
[0.25866725956334208, 0.26303467212400578, 0.2314910275126712, 0.23301641505813159, 0.24394684525445309, 0.25173830658458474]
[0.26303467212400578, 0.2314910275126712, 0.23301641505813159, 0.24394684525445309, 0.25173830658458474, 0.25091756342331267]
[0.2314910275126712, 0.23301641505813159, 0.24394684525445309, 0.25173830658458474, 0.25091756342331267, 0.26805241786398132]
[0.23301641505813159, 0.24394684525445309, 0.25173830658458474, 0.25091756342331267, 0.26805241786398132, 0.27042088210496351]
[0.24394684525445309, 0.25173830658458474, 0.25091756342331267, 0.26805241786398132, 0.27042088210496351, 0.26169732344430685]
[0.25173830658458474, 0.25091756342331267, 0.26805241786398132, 0.27042088210496351, 0.26169732344430685, 0.2455350449522341]
[0.25091756342331267, 0.26805241786398132, 0.27042088210496351, 0.26169732344430685, 0.2455350449522341, 0.27201157137447973]
[0.26805241786398132, 0.27042088210496351, 0.26169732344430685, 0.2455350449522341, 0.27201157137447973, 0.26592091832709119]
[0.27042088210496351, 0.26169732344430685, 0.2455350449522341, 0.27201157137447973, 0.26592091832709119, 0.24603272599182971]
[0.26169732344430685, 0.2455350449522341, 0.27201157137447973, 0.26592091832709119, 0.24603272599182971, 0.25307129442474713]
[0.2455350449522341, 0.27201157137447973, 0.26592091832709119, 0.24603272599182971, 0.25307129442474713, 0.23615302442981331]
[0.27201157137447973, 0.26592091832709119, 0.24603272599182971, 0.25307129442474713, 0.23615302442981331, 0.24840531594254622]
[0.26592091832709119, 0.24603272599182971, 0.25307129442474713, 0.23615302442981331, 0.24840531594254622, 0.27253201340011662]
[0.24603272599182971, 0.25307129442474713, 0.23615302442981331, 0.24840531594254622, 0.27253201340011662, 0.26471129737007149]
[0.25307129442474713, 0.23615302442981331, 0.24840531594254622, 0.27253201340011662, 0.26471129737007149, 0.24462372851491981]
[0.23615302442981331, 0.24840531594254622, 0.27253201340011662, 0.26471129737007149, 0.24462372851491981, 0.2356438636327392]
[0.24840531594254622, 0.27253201340011662, 0.26471129737007149, 0.24462372851491981, 0.2356438636327392, 0.23512771775446195]
[0.27253201340011662, 0.26471129737007149, 0.24462372851491981, 0.2356438636327392, 0.23512771775446195, 0.24908488263530121]
[0.26471129737007149, 0.24462372851491981, 0.2356438636327392, 0.23512771775446195, 0.24908488263530121, 0.23777607523555233]
[0.24462372851491981, 0.2356438636327392, 0.23512771775446195, 0.24908488263530121, 0.23777607523555233, 0.25122630978543731]
[0.2356438636327392, 0.23512771775446195, 0.24908488263530121, 0.23777607523555233, 0.25122630978543731, 0.26029651630568551]
[0.23512771775446195, 0.24908488263530121, 0.23777607523555233, 0.25122630978543731, 0.26029651630568551, 0.25474345820918914]
[0.24908488263530121, 0.23777607523555233, 0.25122630978543731, 0.26029651630568551, 0.25474345820918914, 0.25788733316519741]
[0.23777607523555233, 0.25122630978543731, 0.26029651630568551, 0.25474345820918914, 0.25788733316519741, 0.25695753507734576]
[0.25122630978543731, 0.26029651630568551, 0.25474345820918914, 0.25788733316519741, 0.25695753507734576, 0.26710837296181911]
[0.26029651630568551, 0.25474345820918914, 0.25788733316519741, 0.25695753507734576, 0.26710837296181911, 0.26326616417469173]
[0.25474345820918914, 0.25788733316519741, 0.25695753507734576, 0.26710837296181911, 0.26326616417469173, 0.26042420223872209]
[0.25788733316519741, 0.25695753507734576, 0.26710837296181911, 0.26326616417469173, 0.26042420223872209, 0.25715572712532087]
[0.25695753507734576, 0.26710837296181911, 0.26326616417469173, 0.26042420223872209, 0.25715572712532087, 0.20651188614943564]
[0.26710837296181911, 0.26326616417469173, 0.26042420223872209, 0.25715572712532087, 0.20651188614943564, 0.24514939606989167]
[0.26326616417469173, 0.26042420223872209, 0.25715572712532087, 0.20651188614943564, 0.24514939606989167, 0.2483497141881984]
[0.26042420223872209, 0.25715572712532087, 0.20651188614943564, 0.24514939606989167, 0.2483497141881984, 0.27105142086557354]
[0.25715572712532087, 0.20651188614943564, 0.24514939606989167, 0.2483497141881984, 0.27105142086557354, 0.27117782334916041]
[0.20651188614943564, 0.24514939606989167, 0.2483497141881984, 0.27105142086557354, 0.27117782334916041, 0.26444677239146763]
[0.24514939606989167, 0.2483497141881984, 0.27105142086557354, 0.27117782334916041, 0.26444677239146763, 0.244281809440205]
[0.2483497141881984, 0.27105142086557354, 0.27117782334916041, 0.26444677239146763, 0.244281809440205, 0.26553384266184177]
[0.27105142086557354, 0.27117782334916041, 0.26444677239146763, 0.244281809440205, 0.26553384266184177, 0.25444111212241521]
[0.27117782334916041, 0.26444677239146763, 0.244281809440205, 0.26553384266184177, 0.25444111212241521, 0.25344770578013431]
[0.26444677239146763, 0.244281809440205, 0.26553384266184177, 0.25444111212241521, 0.25344770578013431, 0.24992542204938256]
[0.244281809440205, 0.26553384266184177, 0.25444111212241521, 0.25344770578013431, 0.24992542204938256, 0.25812687970004444]
[0.26553384266184177, 0.25444111212241521, 0.25344770578013431, 0.24992542204938256, 0.25812687970004444, 0.25530113209034022]
[0.25444111212241521, 0.25344770578013431, 0.24992542204938256, 0.25812687970004444, 0.25530113209034022, 0.23206402793932912]
[0.25344770578013431, 0.24992542204938256, 0.25812687970004444, 0.25530113209034022, 0.23206402793932912, 0.25698229198385714]
[0.24992542204938256, 0.25812687970004444, 0.25530113209034022, 0.23206402793932912, 0.25698229198385714, 0.25637724736154843]
[0.25812687970004444, 0.25530113209034022, 0.23206402793932912, 0.25698229198385714, 0.25637724736154843, 0.26824878558106591]
[0.25530113209034022, 0.23206402793932912, 0.25698229198385714, 0.25637724736154843, 0.26824878558106591, 0.27845495029276135]
[0.23206402793932912, 0.25698229198385714, 0.25637724736154843, 0.26824878558106591, 0.27845495029276135, 0.26732512746334358]
[0.25698229198385714, 0.25637724736154843, 0.26824878558106591, 0.27845495029276135, 0.26732512746334358, 0.2736592730005275]
[0.25637724736154843, 0.26824878558106591, 0.27845495029276135, 0.26732512746334358, 0.2736592730005275, 0.27946836457522373]
[0.26824878558106591, 0.27845495029276135, 0.26732512746334358, 0.2736592730005275, 0.27946836457522373, 0.27186525865943501]
[0.27845495029276135, 0.26732512746334358, 0.2736592730005275, 0.27946836457522373, 0.27186525865943501, 0.2672635963770329]
[0.26732512746334358, 0.2736592730005275, 0.27946836457522373, 0.27186525865943501, 0.2672635963770329, 0.24808938398267569]
[0.2736592730005275, 0.27946836457522373, 0.27186525865943501, 0.2672635963770329, 0.24808938398267569, 0.27716021689151416]
[0.27946836457522373, 0.27186525865943501, 0.2672635963770329, 0.24808938398267569, 0.27716021689151416, 0.22126986273342153]
[0.27186525865943501, 0.2672635963770329, 0.24808938398267569, 0.27716021689151416, 0.22126986273342153, 0.23121128495332982]
[0.2672635963770329, 0.24808938398267569, 0.27716021689151416, 0.22126986273342153, 0.23121128495332982, 0.26901433127937607]
[0.24808938398267569, 0.27716021689151416, 0.22126986273342153, 0.23121128495332982, 0.26901433127937607, 0.26755618979884777]
[0.27716021689151416, 0.22126986273342153, 0.23121128495332982, 0.26901433127937607, 0.26755618979884777, 0.24017218092680337]
[0.22126986273342153, 0.23121128495332982, 0.26901433127937607, 0.26755618979884777, 0.24017218092680337, 0.26002790803748033]
[0.23121128495332982, 0.26901433127937607, 0.26755618979884777, 0.24017218092680337, 0.26002790803748033, 0.25258850615821365]
[0.26901433127937607, 0.26755618979884777, 0.24017218092680337, 0.26002790803748033, 0.25258850615821365, 0.25718071012572058]
[0.26755618979884777, 0.24017218092680337, 0.26002790803748033, 0.25258850615821365, 0.25718071012572058, 0.24650352157990205]
[0.24017218092680337, 0.26002790803748033, 0.25258850615821365, 0.25718071012572058, 0.24650352157990205, 0.25364451909423535]
[0.26002790803748033, 0.25258850615821365, 0.25718071012572058, 0.24650352157990205, 0.25364451909423535, 0.26015060171528548]
[0.25258850615821365, 0.25718071012572058, 0.24650352157990205, 0.25364451909423535, 0.26015060171528548, 0.23253970239052635]
[0.25718071012572058, 0.24650352157990205, 0.25364451909423535, 0.26015060171528548, 0.23253970239052635, 0.25550289774179624]
[0.24650352157990205, 0.25364451909423535, 0.26015060171528548, 0.23253970239052635, 0.25550289774179624, 0.25001548175619509]
[0.25364451909423535, 0.26015060171528548, 0.23253970239052635, 0.25550289774179624, 0.25001548175619509, 0.27464411670562233]
[0.26015060171528548, 0.23253970239052635, 0.25550289774179624, 0.25001548175619509, 0.27464411670562233, 0.26542460748067465]
[0.23253970239052635, 0.25550289774179624, 0.25001548175619509, 0.27464411670562233, 0.26542460748067465, 0.26435437877736234]
[0.25550289774179624, 0.25001548175619509, 0.27464411670562233, 0.26542460748067465, 0.26435437877736234, 0.27357959264563347]
[0.25001548175619509, 0.27464411670562233, 0.26542460748067465, 0.26435437877736234, 0.27357959264563347, 0.26243899010901756]
[0.27464411670562233, 0.26542460748067465, 0.26435437877736234, 0.27357959264563347, 0.26243899010901756, 0.26640079688465701]
[0.26542460748067465, 0.26435437877736234, 0.27357959264563347, 0.26243899010901756, 0.26640079688465701, 0.28361593093812987]
[0.26435437877736234, 0.27357959264563347, 0.26243899010901756, 0.26640079688465701, 0.28361593093812987, 0.23055397261084945]
[0.27357959264563347, 0.26243899010901756, 0.26640079688465701, 0.28361593093812987, 0.23055397261084945, 0.23862876441030467]
[0.26243899010901756, 0.26640079688465701, 0.28361593093812987, 0.23055397261084945, 0.23862876441030467, 0.25786378322844716]
[0.26640079688465701, 0.28361593093812987, 0.23055397261084945, 0.23862876441030467, 0.25786378322844716, 0.2553344163845252]
[0.28361593093812987, 0.23055397261084945, 0.23862876441030467, 0.25786378322844716, 0.2553344163845252, 0.2645676508519143]
[0.23055397261084945, 0.23862876441030467, 0.25786378322844716, 0.2553344163845252, 0.2645676508519143, 0.26799618120472679]
[0.23862876441030467, 0.25786378322844716, 0.2553344163845252, 0.2645676508519143, 0.26799618120472679, 0.26323362479991941]
[0.25786378322844716, 0.2553344163845252, 0.2645676508519143, 0.26799618120472679, 0.26323362479991941, 0.24896698170807557]
[0.2553344163845252, 0.2645676508519143, 0.26799618120472679, 0.26323362479991941, 0.24896698170807557, 0.25806376069647502]
[0.2645676508519143, 0.26799618120472679, 0.26323362479991941, 0.24896698170807557, 0.25806376069647502, 0.27814929281863354]
[0.26799618120472679, 0.26323362479991941, 0.24896698170807557, 0.25806376069647502, 0.27814929281863354, 0.24773452926165668]
[0.26323362479991941, 0.24896698170807557, 0.25806376069647502, 0.27814929281863354, 0.24773452926165668, 0.27043107076072959]
[0.24896698170807557, 0.25806376069647502, 0.27814929281863354, 0.24773452926165668, 0.27043107076072959, 0.24773465631571032]
[0.25806376069647502, 0.27814929281863354, 0.24773452926165668, 0.27043107076072959, 0.24773465631571032, 0.25338815136275283]
[0.27814929281863354, 0.24773452926165668, 0.27043107076072959, 0.24773465631571032, 0.25338815136275283, 0.24359592337792313]
[0.24773452926165668, 0.27043107076072959, 0.24773465631571032, 0.25338815136275283, 0.24359592337792313, 0.26587258425556487]
[0.27043107076072959, 0.24773465631571032, 0.25338815136275283, 0.24359592337792313, 0.26587258425556487, 0.24623301791204613]
[0.24773465631571032, 0.25338815136275283, 0.24359592337792313, 0.26587258425556487, 0.24623301791204613, 0.24584189840107046]
[0.25338815136275283, 0.24359592337792313, 0.26587258425556487, 0.24623301791204613, 0.24584189840107046, 0.2524044115020625]
[0.24359592337792313, 0.26587258425556487, 0.24623301791204613, 0.24584189840107046, 0.2524044115020625, 0.25935061456606601]
[0.26587258425556487, 0.24623301791204613, 0.24584189840107046, 0.2524044115020625, 0.25935061456606601, 0.25201534532909081]
[0.24623301791204613, 0.24584189840107046, 0.2524044115020625, 0.25935061456606601, 0.25201534532909081, 0.26077663833414677]
[0.24584189840107046, 0.2524044115020625, 0.25935061456606601, 0.25201534532909081, 0.26077663833414677, 0.24501351332685542]
[0.2524044115020625, 0.25935061456606601, 0.25201534532909081, 0.26077663833414677, 0.24501351332685542, 0.25617634127006916]
[0.25935061456606601, 0.25201534532909081, 0.26077663833414677, 0.24501351332685542, 0.25617634127006916, 0.22515361904575967]
[0.25201534532909081, 0.26077663833414677, 0.24501351332685542, 0.25617634127006916, 0.22515361904575967, 0.253203028137232]
[0.26077663833414677, 0.24501351332685542, 0.25617634127006916, 0.22515361904575967, 0.253203028137232, 0.25045184332420006]
[0.24501351332685542, 0.25617634127006916, 0.22515361904575967, 0.253203028137232, 0.25045184332420006, 0.25730029324977849]
[0.25617634127006916, 0.22515361904575967, 0.253203028137232, 0.25045184332420006, 0.25730029324977849, 0.25262376559968308]
[0.22515361904575967, 0.253203028137232, 0.25045184332420006, 0.25730029324977849, 0.25262376559968308, 0.23730790270337837]
[0.253203028137232, 0.25045184332420006, 0.25730029324977849, 0.25262376559968308, 0.23730790270337837, 0.24612423268864017]
[0.25045184332420006, 0.25730029324977849, 0.25262376559968308, 0.23730790270337837, 0.24612423268864017, 0.24700739099353841]
[0.25730029324977849, 0.25262376559968308, 0.23730790270337837, 0.24612423268864017, 0.24700739099353841, 0.26005047241617413]
[0.25262376559968308, 0.23730790270337837, 0.24612423268864017, 0.24700739099353841, 0.26005047241617413, 0.26386731638698557]
[0.23730790270337837, 0.24612423268864017, 0.24700739099353841, 0.26005047241617413, 0.26386731638698557, 0.24925468053109304]
[0.24612423268864017, 0.24700739099353841, 0.26005047241617413, 0.26386731638698557, 0.24925468053109304, 0.23593293751402214]
[0.24700739099353841, 0.26005047241617413, 0.26386731638698557, 0.24925468053109304, 0.23593293751402214, 0.25521740563245437]
[0.26005047241617413, 0.26386731638698557, 0.24925468053109304, 0.23593293751402214, 0.25521740563245437, 0.27114425731908748]
[0.26386731638698557, 0.24925468053109304, 0.23593293751402214, 0.25521740563245437, 0.27114425731908748, 0.22598543442032859]
[0.24925468053109304, 0.23593293751402214, 0.25521740563245437, 0.27114425731908748, 0.22598543442032859, 0.25802230043361996]
[0.23593293751402214, 0.25521740563245437, 0.27114425731908748, 0.22598543442032859, 0.25802230043361996, 0.25051846039399761]
[0.25521740563245437, 0.27114425731908748, 0.22598543442032859, 0.25802230043361996, 0.25051846039399761, 0.24033415269100433]
[0.27114425731908748, 0.22598543442032859, 0.25802230043361996, 0.25051846039399761, 0.24033415269100433, 0.25256533086853056]
[0.22598543442032859, 0.25802230043361996, 0.25051846039399761, 0.24033415269100433, 0.25256533086853056, 0.25256533086853056]
[0.25802230043361996, 0.25051846039399761, 0.24033415269100433, 0.25256533086853056, 0.25256533086853056, 0.23554212558496579]
[0.25051846039399761, 0.24033415269100433, 0.25256533086853056, 0.25256533086853056, 0.23554212558496579, 0.26072535307108186]
[0.24033415269100433, 0.25256533086853056, 0.25256533086853056, 0.23554212558496579, 0.26072535307108186, 0.23735891868428211]
[0.25256533086853056, 0.25256533086853056, 0.23554212558496579, 0.26072535307108186, 0.23735891868428211, 0.22288916969487343]
[0.25256533086853056, 0.23554212558496579, 0.26072535307108186, 0.23735891868428211, 0.22288916969487343, 0.25130223470996849]
[0.23554212558496579, 0.26072535307108186, 0.23735891868428211, 0.22288916969487343, 0.25130223470996849, 0.23791610180947315]
[0.26072535307108186, 0.23735891868428211, 0.22288916969487343, 0.25130223470996849, 0.23791610180947315, 0.2335965519785263]
[0.23735891868428211, 0.22288916969487343, 0.25130223470996849, 0.23791610180947315, 0.2335965519785263, 0.25377581224360457]
[0.22288916969487343, 0.25130223470996849, 0.23791610180947315, 0.2335965519785263, 0.25377581224360457, 0.24808938398267569]
[0.25130223470996849, 0.23791610180947315, 0.2335965519785263, 0.25377581224360457, 0.24808938398267569, 0.25901926041273937]
[0.23791610180947315, 0.2335965519785263, 0.25377581224360457, 0.24808938398267569, 0.25901926041273937, 0.21913489153235288]
[0.2335965519785263, 0.25377581224360457, 0.24808938398267569, 0.25901926041273937, 0.21913489153235288, 0.23829829354256576]
[0.25377581224360457, 0.24808938398267569, 0.25901926041273937, 0.21913489153235288, 0.23829829354256576, 0.25284293067873026]
[0.24808938398267569, 0.25901926041273937, 0.21913489153235288, 0.23829829354256576, 0.25284293067873026, 0.22714436990258191]
[0.25901926041273937, 0.21913489153235288, 0.23829829354256576, 0.25284293067873026, 0.22714436990258191, 0.25039574604623543]
[0.21913489153235288, 0.23829829354256576, 0.25284293067873026, 0.22714436990258191, 0.25039574604623543, 0.25534372962255025]
[0.23829829354256576, 0.25284293067873026, 0.22714436990258191, 0.25039574604623543, 0.25534372962255025, 0.24649437952208947]
[0.25284293067873026, 0.22714436990258191, 0.25039574604623543, 0.25534372962255025, 0.24649437952208947, 0.26005063696985387]
[0.22714436990258191, 0.25039574604623543, 0.25534372962255025, 0.24649437952208947, 0.26005063696985387, 0.26635362244705513]
[0.25039574604623543, 0.25534372962255025, 0.24649437952208947, 0.26005063696985387, 0.26635362244705513, 0.24774195071204536]
[0.25534372962255025, 0.24649437952208947, 0.26005063696985387, 0.26635362244705513, 0.24774195071204536, 0.2230515966268386]
[0.24649437952208947, 0.26005063696985387, 0.26635362244705513, 0.24774195071204536, 0.2230515966268386, 0.2358336705811695]
[0.26005063696985387, 0.26635362244705513, 0.24774195071204536, 0.2230515966268386, 0.2358336705811695, 0.25272824579210323]
[0.26635362244705513, 0.24774195071204536, 0.2230515966268386, 0.2358336705811695, 0.25272824579210323, 0.24334275896316646]
[0.24774195071204536, 0.2230515966268386, 0.2358336705811695, 0.25272824579210323, 0.24334275896316646, 0.2349956333803031]
[0.2230515966268386, 0.2358336705811695, 0.25272824579210323, 0.24334275896316646, 0.2349956333803031, 0.22434045759345594]
[0.2358336705811695, 0.25272824579210323, 0.24334275896316646, 0.2349956333803031, 0.22434045759345594, 0.2591830070599106]
[0.25272824579210323, 0.24334275896316646, 0.2349956333803031, 0.22434045759345594, 0.2591830070599106, 0.25131844455374086]
[0.24334275896316646, 0.2349956333803031, 0.22434045759345594, 0.2591830070599106, 0.25131844455374086, 0.23632351531853613]
[0.2349956333803031, 0.22434045759345594, 0.2591830070599106, 0.25131844455374086, 0.23632351531853613, 0.23708957430845462]
[0.22434045759345594, 0.2591830070599106, 0.25131844455374086, 0.23632351531853613, 0.23708957430845462, 0.2095691689599713]
[0.2591830070599106, 0.25131844455374086, 0.23632351531853613, 0.23708957430845462, 0.2095691689599713, 0.22414940065781269]
[0.25131844455374086, 0.23632351531853613, 0.23708957430845462, 0.2095691689599713, 0.22414940065781269, 0.21953631733080539]
[0.23632351531853613, 0.23708957430845462, 0.2095691689599713, 0.22414940065781269, 0.21953631733080539, 0.20892984803119255]
[0.23708957430845462, 0.2095691689599713, 0.22414940065781269, 0.21953631733080539, 0.20892984803119255, 0.23215522166647462]
[0.2095691689599713, 0.22414940065781269, 0.21953631733080539, 0.20892984803119255, 0.23215522166647462, 0.21361719280246805]
[0.22414940065781269, 0.21953631733080539, 0.20892984803119255, 0.23215522166647462, 0.21361719280246805, 0.2145096319328908]
[0.21953631733080539, 0.20892984803119255, 0.23215522166647462, 0.21361719280246805, 0.2145096319328908, 0.23129001139812411]
[0.20892984803119255, 0.23215522166647462, 0.21361719280246805, 0.2145096319328908, 0.23129001139812411, 0.23807494239580101]
[0.23215522166647462, 0.21361719280246805, 0.2145096319328908, 0.23129001139812411, 0.23807494239580101, 0.22510776416331449]
[0.21361719280246805, 0.2145096319328908, 0.23129001139812411, 0.23807494239580101, 0.22510776416331449, 0.2418667940192025]
[0.2145096319328908, 0.23129001139812411, 0.23807494239580101, 0.22510776416331449, 0.2418667940192025, 0.2374791776048194]
[0.23129001139812411, 0.23807494239580101, 0.22510776416331449, 0.2418667940192025, 0.2374791776048194, 0.21545148302792361]
[0.23807494239580101, 0.22510776416331449, 0.2418667940192025, 0.2374791776048194, 0.21545148302792361, 0.24722969282646112]
[0.22510776416331449, 0.2418667940192025, 0.2374791776048194, 0.21545148302792361, 0.24722969282646112, 0.2494895354668501]
[0.2418667940192025, 0.2374791776048194, 0.21545148302792361, 0.24722969282646112, 0.2494895354668501, 0.257579685292952]
[0.2374791776048194, 0.21545148302792361, 0.24722969282646112, 0.2494895354668501, 0.257579685292952, 0.24087946234390378]
[0.21545148302792361, 0.24722969282646112, 0.2494895354668501, 0.257579685292952, 0.24087946234390378, 0.27967485699308481]
[0.24722969282646112, 0.2494895354668501, 0.257579685292952, 0.24087946234390378, 0.27967485699308481, 0.24774151166132058]
[0.2494895354668501, 0.257579685292952, 0.24087946234390378, 0.27967485699308481, 0.24774151166132058, 0.24099511466233761]
[0.257579685292952, 0.24087946234390378, 0.27967485699308481, 0.24774151166132058, 0.24099511466233761, 0.16544410931608089]
[0.24087946234390378, 0.27967485699308481, 0.24774151166132058, 0.24099511466233761, 0.16544410931608089, 0.16711147156862494]
[0.27967485699308481, 0.24774151166132058, 0.24099511466233761, 0.16544410931608089, 0.16711147156862494, 0.24260523561527098]
[0.24774151166132058, 0.24099511466233761, 0.16544410931608089, 0.16711147156862494, 0.24260523561527098, 0.30930089065396604]
[0.24099511466233761, 0.16544410931608089, 0.16711147156862494, 0.24260523561527098, 0.30930089065396604, 0.17603863729065919]
[0.16544410931608089, 0.16711147156862494, 0.24260523561527098, 0.30930089065396604, 0.17603863729065919, 0.17116809180287901]
[0.16711147156862494, 0.24260523561527098, 0.30930089065396604, 0.17603863729065919, 0.17116809180287901, 0.15098046642007035]
[0.24260523561527098, 0.30930089065396604, 0.17603863729065919, 0.17116809180287901, 0.15098046642007035, 0.15488609090225816]
[0.30930089065396604, 0.17603863729065919, 0.17116809180287901, 0.15098046642007035, 0.15488609090225816, 0.15253370462860422]
[0.17603863729065919, 0.17116809180287901, 0.15098046642007035, 0.15488609090225816, 0.15253370462860422, 0.15636444725250556]
[0.17116809180287901, 0.15098046642007035, 0.15488609090225816, 0.15253370462860422, 0.15636444725250556, 0.17286145122504093]
[0.15098046642007035, 0.15488609090225816, 0.15253370462860422, 0.15636444725250556, 0.17286145122504093, 0.19487146336444258]
[0.15488609090225816, 0.15253370462860422, 0.15636444725250556, 0.17286145122504093, 0.19487146336444258, 0.17072059624176397]
[0.15253370462860422, 0.15636444725250556, 0.17286145122504093, 0.19487146336444258, 0.17072059624176397, 0.19985754229695507]
[0.15636444725250556, 0.17286145122504093, 0.19487146336444258, 0.17072059624176397, 0.19985754229695507, 0.19967075773608281]
[0.17286145122504093, 0.19487146336444258, 0.17072059624176397, 0.19985754229695507, 0.19967075773608281, 0.22031020044838556]
[0.19487146336444258, 0.17072059624176397, 0.19985754229695507, 0.19967075773608281, 0.22031020044838556, 0.2909866854879295]
[0.17072059624176397, 0.19985754229695507, 0.19967075773608281, 0.22031020044838556, 0.2909866854879295, 0.29113099787132679]
[0.19985754229695507, 0.19967075773608281, 0.22031020044838556, 0.2909866854879295, 0.29113099787132679, 0.27774899980275791]
[0.19967075773608281, 0.22031020044838556, 0.2909866854879295, 0.29113099787132679, 0.27774899980275791, 0.1651207305304824]
[0.22031020044838556, 0.2909866854879295, 0.29113099787132679, 0.27774899980275791, 0.1651207305304824, 0.15375937653797617]
[0.2909866854879295, 0.29113099787132679, 0.27774899980275791, 0.1651207305304824, 0.15375937653797617, 0.16437455180704846]
[0.29113099787132679, 0.27774899980275791, 0.1651207305304824, 0.15375937653797617, 0.16437455180704846, 0.1674997803636534]
[0.27774899980275791, 0.1651207305304824, 0.15375937653797617, 0.16437455180704846, 0.1674997803636534, 0.15704029044060458]
[0.1651207305304824, 0.15375937653797617, 0.16437455180704846, 0.1674997803636534, 0.15704029044060458, 0.14995342406881479]
[0.15375937653797617, 0.16437455180704846, 0.1674997803636534, 0.15704029044060458, 0.14995342406881479, 0.16470285009115795]
[0.16437455180704846, 0.1674997803636534, 0.15704029044060458, 0.14995342406881479, 0.16470285009115795, 0.15957734663369655]
[0.1674997803636534, 0.15704029044060458, 0.14995342406881479, 0.16470285009115795, 0.15957734663369655, 0.1822194434523069]
[0.15704029044060458, 0.14995342406881479, 0.16470285009115795, 0.15957734663369655, 0.1822194434523069, 0.19501457810327189]
[0.14995342406881479, 0.16470285009115795, 0.15957734663369655, 0.1822194434523069, 0.19501457810327189, 0.28206019836395702]
[0.16470285009115795, 0.15957734663369655, 0.1822194434523069, 0.19501457810327189, 0.28206019836395702, 0.30749187698435926]
[0.15957734663369655, 0.1822194434523069, 0.19501457810327189, 0.28206019836395702, 0.30749187698435926, 0.29811103518939108]
[0.1822194434523069, 0.19501457810327189, 0.28206019836395702, 0.30749187698435926, 0.29811103518939108, 0.17863508356061475]
[0.19501457810327189, 0.28206019836395702, 0.30749187698435926, 0.29811103518939108, 0.17863508356061475, 0.16265726667118541]
[0.28206019836395702, 0.30749187698435926, 0.29811103518939108, 0.17863508356061475, 0.16265726667118541, 0.15833960587650642]
[0.30749187698435926, 0.29811103518939108, 0.17863508356061475, 0.16265726667118541, 0.15833960587650642, 0.1606065151221239]
[0.29811103518939108, 0.17863508356061475, 0.16265726667118541, 0.15833960587650642, 0.1606065151221239, 0.16075314004173064]
[0.17863508356061475, 0.16265726667118541, 0.15833960587650642, 0.1606065151221239, 0.16075314004173064, 0.17526150540089785]
[0.16265726667118541, 0.15833960587650642, 0.1606065151221239, 0.16075314004173064, 0.17526150540089785, 0.16212029176591025]
[0.15833960587650642, 0.1606065151221239, 0.16075314004173064, 0.17526150540089785, 0.16212029176591025, 0.16406511883919941]
[0.1606065151221239, 0.16075314004173064, 0.17526150540089785, 0.16212029176591025, 0.16406511883919941, 0.16146276209729554]
[0.16075314004173064, 0.17526150540089785, 0.16212029176591025, 0.16406511883919941, 0.16146276209729554, 0.16410923926342666]
[0.17526150540089785, 0.16212029176591025, 0.16406511883919941, 0.16146276209729554, 0.16410923926342666, 0.1660320146990211]
[0.16212029176591025, 0.16406511883919941, 0.16146276209729554, 0.16410923926342666, 0.1660320146990211, 0.18285863436130978]
[0.16406511883919941, 0.16146276209729554, 0.16410923926342666, 0.1660320146990211, 0.18285863436130978, 0.25154333024962655]
[0.16146276209729554, 0.16410923926342666, 0.1660320146990211, 0.18285863436130978, 0.25154333024962655, 0.28439549230470401]
[0.16410923926342666, 0.1660320146990211, 0.18285863436130978, 0.25154333024962655, 0.28439549230470401, 0.29433003962524085]
[0.1660320146990211, 0.18285863436130978, 0.25154333024962655, 0.28439549230470401, 0.29433003962524085, 0.2511148187720833]
[0.18285863436130978, 0.25154333024962655, 0.28439549230470401, 0.29433003962524085, 0.2511148187720833, 0.16677677174490313]
[0.25154333024962655, 0.28439549230470401, 0.29433003962524085, 0.2511148187720833, 0.16677677174490313, 0.18178486458262547]
[0.28439549230470401, 0.29433003962524085, 0.2511148187720833, 0.16677677174490313, 0.18178486458262547, 0.16366555265923549]
[0.29433003962524085, 0.2511148187720833, 0.16677677174490313, 0.18178486458262547, 0.16366555265923549, 0.16658457748019595]
[0.2511148187720833, 0.16677677174490313, 0.18178486458262547, 0.16366555265923549, 0.16658457748019595, 0.1641228011791511]
[0.16677677174490313, 0.18178486458262547, 0.16366555265923549, 0.16658457748019595, 0.1641228011791511, 0.17290586689089876]
[0.18178486458262547, 0.16366555265923549, 0.16658457748019595, 0.1641228011791511, 0.17290586689089876, 0.18680861224464879]
[0.16366555265923549, 0.16658457748019595, 0.1641228011791511, 0.17290586689089876, 0.18680861224464879, 0.17193947001982962]
[0.16658457748019595, 0.1641228011791511, 0.17290586689089876, 0.18680861224464879, 0.17193947001982962, 0.1658990274195295]
[0.1641228011791511, 0.17290586689089876, 0.18680861224464879, 0.17193947001982962, 0.1658990274195295, 0.16171873191651459]
[0.17290586689089876, 0.18680861224464879, 0.17193947001982962, 0.1658990274195295, 0.16171873191651459, 0.17292075364740878]
[0.18680861224464879, 0.17193947001982962, 0.1658990274195295, 0.16171873191651459, 0.17292075364740878, 0.16437455180704846]
[0.17193947001982962, 0.1658990274195295, 0.16171873191651459, 0.17292075364740878, 0.16437455180704846, 0.16590718935294502]
[0.1658990274195295, 0.16171873191651459, 0.17292075364740878, 0.16437455180704846, 0.16590718935294502, 0.17776326733987674]
[0.16171873191651459, 0.17292075364740878, 0.16437455180704846, 0.16590718935294502, 0.17776326733987674, 0.18247002200623744]
[0.17292075364740878, 0.16437455180704846, 0.16590718935294502, 0.17776326733987674, 0.18247002200623744, 0.2585313605151589]
[0.16437455180704846, 0.16590718935294502, 0.17776326733987674, 0.18247002200623744, 0.2585313605151589, 0.27998618065968528]
[0.16590718935294502, 0.17776326733987674, 0.18247002200623744, 0.2585313605151589, 0.27998618065968528, 0.27010751316903076]
[0.17776326733987674, 0.18247002200623744, 0.2585313605151589, 0.27998618065968528, 0.27010751316903076, 0.1651207305304824]
[0.18247002200623744, 0.2585313605151589, 0.27998618065968528, 0.27010751316903076, 0.1651207305304824, 0.17646049760332605]
[0.2585313605151589, 0.27998618065968528, 0.27010751316903076, 0.1651207305304824, 0.17646049760332605, 0.1728228218523287]
[0.27998618065968528, 0.27010751316903076, 0.1651207305304824, 0.17646049760332605, 0.1728228218523287, 0.17767398890685232]
[0.27010751316903076, 0.1651207305304824, 0.17646049760332605, 0.1728228218523287, 0.17767398890685232, 0.16814859173322289]
[0.1651207305304824, 0.17646049760332605, 0.1728228218523287, 0.17767398890685232, 0.16814859173322289, 0.16359073489823273]
[0.17646049760332605, 0.1728228218523287, 0.17767398890685232, 0.16814859173322289, 0.16359073489823273, 0.1632903247635675]
[0.1728228218523287, 0.17767398890685232, 0.16814859173322289, 0.16359073489823273, 0.1632903247635675, 0.17944011856323283]
[0.17767398890685232, 0.16814859173322289, 0.16359073489823273, 0.1632903247635675, 0.17944011856323283, 0.16581233075137031]
[0.16814859173322289, 0.16359073489823273, 0.1632903247635675, 0.17944011856323283, 0.16581233075137031, 0.18044451722638533]
[0.16359073489823273, 0.1632903247635675, 0.17944011856323283, 0.16581233075137031, 0.18044451722638533, 0.16911529634432421]
[0.1632903247635675, 0.17944011856323283, 0.16581233075137031, 0.18044451722638533, 0.16911529634432421, 0.16073808072406359]
[0.17944011856323283, 0.16581233075137031, 0.18044451722638533, 0.16911529634432421, 0.16073808072406359, 0.176212515654872]
[0.16581233075137031, 0.18044451722638533, 0.16911529634432421, 0.16073808072406359, 0.176212515654872, 0.16773802735398879]
[0.18044451722638533, 0.16911529634432421, 0.16073808072406359, 0.176212515654872, 0.16773802735398879, 0.18471173420962689]
[0.16911529634432421, 0.16073808072406359, 0.176212515654872, 0.16773802735398879, 0.18471173420962689, 0.24393490047598218]
[0.16073808072406359, 0.176212515654872, 0.16773802735398879, 0.18471173420962689, 0.24393490047598218, 0.2800016253774914]
[0.176212515654872, 0.16773802735398879, 0.18471173420962689, 0.24393490047598218, 0.2800016253774914, 0.27249205060772697]
[0.16773802735398879, 0.18471173420962689, 0.24393490047598218, 0.2800016253774914, 0.27249205060772697, 0.16485807208979364]
[0.18471173420962689, 0.24393490047598218, 0.2800016253774914, 0.27249205060772697, 0.16485807208979364, 0.1841202807174166]
[0.24393490047598218, 0.2800016253774914, 0.27249205060772697, 0.16485807208979364, 0.1841202807174166, 0.16097411667151856]
[0.2800016253774914, 0.27249205060772697, 0.16485807208979364, 0.1841202807174166, 0.16097411667151856, 0.18065220531104825]
[0.27249205060772697, 0.16485807208979364, 0.1841202807174166, 0.16097411667151856, 0.18065220531104825, 0.17294259741375007]
[0.16485807208979364, 0.1841202807174166, 0.16097411667151856, 0.18065220531104825, 0.17294259741375007, 0.1631819281995156]
[0.1841202807174166, 0.16097411667151856, 0.18065220531104825, 0.17294259741375007, 0.1631819281995156, 0.15295012856778845]
[0.16097411667151856, 0.18065220531104825, 0.17294259741375007, 0.1631819281995156, 0.15295012856778845, 0.18050295338398759]
[0.18065220531104825, 0.17294259741375007, 0.1631819281995156, 0.15295012856778845, 0.18050295338398759, 0.17654675189422736]
[0.17294259741375007, 0.1631819281995156, 0.15295012856778845, 0.18050295338398759, 0.17654675189422736, 0.16073808072406359]
[0.1631819281995156, 0.15295012856778845, 0.18050295338398759, 0.17654675189422736, 0.16073808072406359, 0.15746561473010778]
[0.15295012856778845, 0.18050295338398759, 0.17654675189422736, 0.16073808072406359, 0.15746561473010778, 0.16289163394574291]
[0.18050295338398759, 0.17654675189422736, 0.16073808072406359, 0.15746561473010778, 0.16289163394574291, 0.1857378982589438]
[0.17654675189422736, 0.16073808072406359, 0.15746561473010778, 0.16289163394574291, 0.1857378982589438, 0.21741552917299761]
[0.16073808072406359, 0.15746561473010778, 0.16289163394574291, 0.1857378982589438, 0.21741552917299761, 0.27254496318914423]
[0.15746561473010778, 0.16289163394574291, 0.1857378982589438, 0.21741552917299761, 0.27254496318914423, 0.27919535805493356]
[0.16289163394574291, 0.1857378982589438, 0.21741552917299761, 0.27254496318914423, 0.27919535805493356, 0.27245227752373136]
[0.1857378982589438, 0.21741552917299761, 0.27254496318914423, 0.27919535805493356, 0.27245227752373136, 0.19023124611159453]
[0.21741552917299761, 0.27254496318914423, 0.27919535805493356, 0.27245227752373136, 0.19023124611159453, 0.17612773276877436]
[0.27254496318914423, 0.27919535805493356, 0.27245227752373136, 0.19023124611159453, 0.17612773276877436, 0.16456398650508575]
[0.27919535805493356, 0.27245227752373136, 0.19023124611159453, 0.17612773276877436, 0.16456398650508575, 0.15773797952754304]
[0.27245227752373136, 0.19023124611159453, 0.17612773276877436, 0.16456398650508575, 0.15773797952754304, 0.1636043384153171]
[0.19023124611159453, 0.17612773276877436, 0.16456398650508575, 0.15773797952754304, 0.1636043384153171, 0.15428085301282002]
[0.17612773276877436, 0.16456398650508575, 0.15773797952754304, 0.1636043384153171, 0.15428085301282002, 0.15007618537363185]
[0.16456398650508575, 0.15773797952754304, 0.1636043384153171, 0.15428085301282002, 0.15007618537363185, 0.16449187860079859]
[0.15773797952754304, 0.1636043384153171, 0.15428085301282002, 0.15007618537363185, 0.16449187860079859, 0.16910703123755702]
[0.1636043384153171, 0.15428085301282002, 0.15007618537363185, 0.16449187860079859, 0.16910703123755702, 0.16456232782067828]
[0.15428085301282002, 0.15007618537363185, 0.16449187860079859, 0.16910703123755702, 0.16456232782067828, 0.2224702027397924]
[0.15007618537363185, 0.16449187860079859, 0.16910703123755702, 0.16456232782067828, 0.2224702027397924, 0.28635227386211926]
[0.16449187860079859, 0.16910703123755702, 0.16456232782067828, 0.2224702027397924, 0.28635227386211926, 0.29866238784203575]
[0.16910703123755702, 0.16456232782067828, 0.2224702027397924, 0.28635227386211926, 0.29866238784203575, 0.29712589827243785]
[0.16456232782067828, 0.2224702027397924, 0.28635227386211926, 0.29866238784203575, 0.29712589827243785, 0.19514864314525648]
[0.2224702027397924, 0.28635227386211926, 0.29866238784203575, 0.29712589827243785, 0.19514864314525648, 0.17598328908791921]
[0.28635227386211926, 0.29866238784203575, 0.29712589827243785, 0.19514864314525648, 0.17598328908791921, 0.16268750010397903]
[0.29866238784203575, 0.29712589827243785, 0.19514864314525648, 0.17598328908791921, 0.16268750010397903, 0.16041976545913583]
[0.29712589827243785, 0.19514864314525648, 0.17598328908791921, 0.16268750010397903, 0.16041976545913583, 0.16410923926342666]
[0.19514864314525648, 0.17598328908791921, 0.16268750010397903, 0.16041976545913583, 0.16410923926342666, 0.15863769037575498]
[0.17598328908791921, 0.16268750010397903, 0.16041976545913583, 0.16410923926342666, 0.15863769037575498, 0.15207232483490674]
[0.16268750010397903, 0.16041976545913583, 0.16410923926342666, 0.15863769037575498, 0.15207232483490674, 0.15992627529303485]
[0.16041976545913583, 0.16410923926342666, 0.15863769037575498, 0.15207232483490674, 0.15992627529303485, 0.16045223245903359]
[0.16410923926342666, 0.15863769037575498, 0.15207232483490674, 0.15992627529303485, 0.16045223245903359, 0.16210881357565726]
[0.15863769037575498, 0.15207232483490674, 0.15992627529303485, 0.16045223245903359, 0.16210881357565726, 0.15512777497279584]
[0.15207232483490674, 0.15992627529303485, 0.16045223245903359, 0.16210881357565726, 0.15512777497279584, 0.14871890292442336]
[0.15992627529303485, 0.16045223245903359, 0.16210881357565726, 0.15512777497279584, 0.14871890292442336, 0.1641228011791511]
[0.16045223245903359, 0.16210881357565726, 0.15512777497279584, 0.14871890292442336, 0.1641228011791511, 0.16526735545008914]
[0.16210881357565726, 0.15512777497279584, 0.14871890292442336, 0.1641228011791511, 0.16526735545008914, 0.17118909172067834]
[0.15512777497279584, 0.14871890292442336, 0.1641228011791511, 0.16526735545008914, 0.17118909172067834, 0.17453840192073478]
[0.14871890292442336, 0.1641228011791511, 0.16526735545008914, 0.17118909172067834, 0.17453840192073478, 0.17123481373931643]
[0.1641228011791511, 0.16526735545008914, 0.17118909172067834, 0.17453840192073478, 0.17123481373931643, 0.17749720780603484]
[0.16526735545008914, 0.17118909172067834, 0.17453840192073478, 0.17123481373931643, 0.17749720780603484, 0.16410118916882299]
[0.17118909172067834, 0.17453840192073478, 0.17123481373931643, 0.17749720780603484, 0.16410118916882299, 0.20629110154494973]
[0.17453840192073478, 0.17123481373931643, 0.17749720780603484, 0.16410118916882299, 0.20629110154494973, 0.17776326733987674]
[0.17123481373931643, 0.17749720780603484, 0.16410118916882299, 0.20629110154494973, 0.17776326733987674, 0.18029134351278092]
[0.17749720780603484, 0.16410118916882299, 0.20629110154494973, 0.17776326733987674, 0.18029134351278092, 0.17776326733987674]
[0.16410118916882299, 0.20629110154494973, 0.17776326733987674, 0.18029134351278092, 0.17776326733987674, 0.16766303371316965]
[0.20629110154494973, 0.17776326733987674, 0.18029134351278092, 0.17776326733987674, 0.16766303371316965, 0.18914862576402849]
[0.17776326733987674, 0.18029134351278092, 0.17776326733987674, 0.16766303371316965, 0.18914862576402849, 0.17356847381060489]
[0.18029134351278092, 0.17776326733987674, 0.16766303371316965, 0.18914862576402849, 0.17356847381060489, 0.19857481179821584]
[0.17776326733987674, 0.16766303371316965, 0.18914862576402849, 0.17356847381060489, 0.19857481179821584, 0.16229110798569119]
[0.16766303371316965, 0.18914862576402849, 0.17356847381060489, 0.19857481179821584, 0.16229110798569119, 0.16856731782813231]
[0.18914862576402849, 0.17356847381060489, 0.19857481179821584, 0.16229110798569119, 0.16856731782813231, 0.18231323939194827]
[0.17356847381060489, 0.19857481179821584, 0.16229110798569119, 0.16856731782813231, 0.18231323939194827, 0.17605797099884252]
[0.19857481179821584, 0.16229110798569119, 0.16856731782813231, 0.18231323939194827, 0.17605797099884252, 0.18811050079023151]
[0.16229110798569119, 0.16856731782813231, 0.18231323939194827, 0.17605797099884252, 0.18811050079023151, 0.18653051238136914]
[0.16856731782813231, 0.18231323939194827, 0.17605797099884252, 0.18811050079023151, 0.18653051238136914, 0.19516166406831154]
[0.18231323939194827, 0.17605797099884252, 0.18811050079023151, 0.18653051238136914, 0.19516166406831154, 0.18602436716847359]
[0.17605797099884252, 0.18811050079023151, 0.18653051238136914, 0.19516166406831154, 0.18602436716847359, 0.27210392894314639]
[0.18811050079023151, 0.18653051238136914, 0.19516166406831154, 0.18602436716847359, 0.27210392894314639, 0.23884747929067779]
[0.18653051238136914, 0.19516166406831154, 0.18602436716847359, 0.27210392894314639, 0.23884747929067779, 0.30334680608063236]
[0.19516166406831154, 0.18602436716847359, 0.27210392894314639, 0.23884747929067779, 0.30334680608063236, 0.23600301903679677]
[0.18602436716847359, 0.27210392894314639, 0.23884747929067779, 0.30334680608063236, 0.23600301903679677, 0.17507406362776717]
[0.27210392894314639, 0.23884747929067779, 0.30334680608063236, 0.23600301903679677, 0.17507406362776717, 0.1663698675619697]
[0.23884747929067779, 0.30334680608063236, 0.23600301903679677, 0.17507406362776717, 0.1663698675619697, 0.32236348975694218]
[0.30334680608063236, 0.23600301903679677, 0.17507406362776717, 0.1663698675619697, 0.32236348975694218, 0.33689796417549328]
[0.23600301903679677, 0.17507406362776717, 0.1663698675619697, 0.32236348975694218, 0.33689796417549328, 0.34077438197183163]
[0.17507406362776717, 0.1663698675619697, 0.32236348975694218, 0.33689796417549328, 0.34077438197183163, 0.18055741640267919]
[0.1663698675619697, 0.32236348975694218, 0.33689796417549328, 0.34077438197183163, 0.18055741640267919, 0.17862579400919865]
[0.32236348975694218, 0.33689796417549328, 0.34077438197183163, 0.18055741640267919, 0.17862579400919865, 0.17569226586857423]
[0.33689796417549328, 0.34077438197183163, 0.18055741640267919, 0.17862579400919865, 0.17569226586857423, 0.18356612617983889]
[0.34077438197183163, 0.18055741640267919, 0.17862579400919865, 0.17569226586857423, 0.18356612617983889, 0.17520948152632954]
[0.18055741640267919, 0.17862579400919865, 0.17569226586857423, 0.18356612617983889, 0.17520948152632954, 0.27465446093221069]
[0.17862579400919865, 0.17569226586857423, 0.18356612617983889, 0.17520948152632954, 0.27465446093221069, 0.21868568399120628]
[0.17569226586857423, 0.18356612617983889, 0.17520948152632954, 0.27465446093221069, 0.21868568399120628, 0.30297144859236858]
[0.18356612617983889, 0.17520948152632954, 0.27465446093221069, 0.21868568399120628, 0.30297144859236858, 0.31449195235488325]
[0.17520948152632954, 0.27465446093221069, 0.21868568399120628, 0.30297144859236858, 0.31449195235488325, 0.31323220756951026]
[0.27465446093221069, 0.21868568399120628, 0.30297144859236858, 0.31449195235488325, 0.31323220756951026, 0.20885846044817996]
[0.21868568399120628, 0.30297144859236858, 0.31449195235488325, 0.31323220756951026, 0.20885846044817996, 0.18533391468940197]
[0.30297144859236858, 0.31449195235488325, 0.31323220756951026, 0.20885846044817996, 0.18533391468940197, 0.1838792178619944]
[0.31449195235488325, 0.31323220756951026, 0.20885846044817996, 0.18533391468940197, 0.1838792178619944, 0.19249436518486102]
[0.31323220756951026, 0.20885846044817996, 0.18533391468940197, 0.1838792178619944, 0.19249436518486102, 0.22076187306348238]
[0.20885846044817996, 0.18533391468940197, 0.1838792178619944, 0.19249436518486102, 0.22076187306348238, 0.29918429855631201]
[0.18533391468940197, 0.1838792178619944, 0.19249436518486102, 0.22076187306348238, 0.29918429855631201, 0.32872413361843444]
[0.1838792178619944, 0.19249436518486102, 0.22076187306348238, 0.29918429855631201, 0.32872413361843444, 0.30689819287614389]
[0.19249436518486102, 0.22076187306348238, 0.29918429855631201, 0.32872413361843444, 0.30689819287614389, 0.28286560816291761]
[0.22076187306348238, 0.29918429855631201, 0.32872413361843444, 0.30689819287614389, 0.28286560816291761, 0.2449370664611874]
[0.29918429855631201, 0.32872413361843444, 0.30689819287614389, 0.28286560816291761, 0.2449370664611874, 0.20545763649269608]
[0.32872413361843444, 0.30689819287614389, 0.28286560816291761, 0.2449370664611874, 0.20545763649269608, 0.25131785858322186]
[0.30689819287614389, 0.28286560816291761, 0.2449370664611874, 0.20545763649269608, 0.25131785858322186, 0.21816970417729042]
[0.28286560816291761, 0.2449370664611874, 0.20545763649269608, 0.25131785858322186, 0.21816970417729042, 0.30609614108320427]
[0.2449370664611874, 0.20545763649269608, 0.25131785858322186, 0.21816970417729042, 0.30609614108320427, 0.31275326940486003]
[0.20545763649269608, 0.25131785858322186, 0.21816970417729042, 0.30609614108320427, 0.31275326940486003, 0.23806235212413357]
[0.25131785858322186, 0.21816970417729042, 0.30609614108320427, 0.31275326940486003, 0.23806235212413357, 0.25884174386855568]
[0.21816970417729042, 0.30609614108320427, 0.31275326940486003, 0.23806235212413357, 0.25884174386855568, 0.27776154394606856]
[0.30609614108320427, 0.31275326940486003, 0.23806235212413357, 0.25884174386855568, 0.27776154394606856, 0.26980474812612831]
[0.31275326940486003, 0.23806235212413357, 0.25884174386855568, 0.27776154394606856, 0.26980474812612831, 0.22248535249743823]
[0.23806235212413357, 0.25884174386855568, 0.27776154394606856, 0.26980474812612831, 0.22248535249743823, 0.30281441815263638]
[0.25884174386855568, 0.27776154394606856, 0.26980474812612831, 0.22248535249743823, 0.30281441815263638, 0.30753055988953981]
[0.27776154394606856, 0.26980474812612831, 0.22248535249743823, 0.30281441815263638, 0.30753055988953981, 0.24733276166141993]
[0.26980474812612831, 0.22248535249743823, 0.30281441815263638, 0.30753055988953981, 0.24733276166141993, 0.24415133492746954]
[0.22248535249743823, 0.30281441815263638, 0.30753055988953981, 0.24733276166141993, 0.24415133492746954, 0.21487447909346269]
[0.30281441815263638, 0.30753055988953981, 0.24733276166141993, 0.24415133492746954, 0.21487447909346269, 0.21222842777913425]
[0.30753055988953981, 0.24733276166141993, 0.24415133492746954, 0.21487447909346269, 0.21222842777913425, 0.27875329678337668]
[0.24733276166141993, 0.24415133492746954, 0.21487447909346269, 0.21222842777913425, 0.27875329678337668, 0.31825148640432865]
[0.24415133492746954, 0.21487447909346269, 0.21222842777913425, 0.27875329678337668, 0.31825148640432865, 0.23425322908555038]
[0.21487447909346269, 0.21222842777913425, 0.27875329678337668, 0.31825148640432865, 0.23425322908555038, 0.19160967262181566]
[0.21222842777913425, 0.27875329678337668, 0.31825148640432865, 0.23425322908555038, 0.19160967262181566, 0.25584788286625992]
[0.27875329678337668, 0.31825148640432865, 0.23425322908555038, 0.19160967262181566, 0.25584788286625992, 0.22737497591072614]
[0.31825148640432865, 0.23425322908555038, 0.19160967262181566, 0.25584788286625992, 0.22737497591072614, 0.29584864834451063]
[0.23425322908555038, 0.19160967262181566, 0.25584788286625992, 0.22737497591072614, 0.29584864834451063, 0.30329020630451381]
[0.19160967262181566, 0.25584788286625992, 0.22737497591072614, 0.29584864834451063, 0.30329020630451381, 0.30797251593915659]
[0.25584788286625992, 0.22737497591072614, 0.29584864834451063, 0.30329020630451381, 0.30797251593915659, 0.25404128649046498]
[0.22737497591072614, 0.29584864834451063, 0.30329020630451381, 0.30797251593915659, 0.25404128649046498, 0.26476533953699383]
[0.29584864834451063, 0.30329020630451381, 0.30797251593915659, 0.25404128649046498, 0.26476533953699383, 0.24833944948034936]
[0.30329020630451381, 0.30797251593915659, 0.25404128649046498, 0.26476533953699383, 0.24833944948034936, 0.2240924893893349]
[0.30797251593915659, 0.25404128649046498, 0.26476533953699383, 0.24833944948034936, 0.2240924893893349, 0.28398891076392624]
[0.25404128649046498, 0.26476533953699383, 0.24833944948034936, 0.2240924893893349, 0.28398891076392624, 0.30443562699515436]
[0.26476533953699383, 0.24833944948034936, 0.2240924893893349, 0.28398891076392624, 0.30443562699515436, 0.3180131875209895]
[0.24833944948034936, 0.2240924893893349, 0.28398891076392624, 0.30443562699515436, 0.3180131875209895, 0.28844829389300941]
[0.2240924893893349, 0.28398891076392624, 0.30443562699515436, 0.3180131875209895, 0.28844829389300941, 0.23952828442467511]
[0.28398891076392624, 0.30443562699515436, 0.3180131875209895, 0.28844829389300941, 0.23952828442467511, 0.21302263748013239]
[0.30443562699515436, 0.3180131875209895, 0.28844829389300941, 0.23952828442467511, 0.21302263748013239, 0.29661991691753609]
[0.3180131875209895, 0.28844829389300941, 0.23952828442467511, 0.21302263748013239, 0.29661991691753609, 0.21799689331002664]
[0.28844829389300941, 0.23952828442467511, 0.21302263748013239, 0.29661991691753609, 0.21799689331002664, 0.29246538103660524]
[0.23952828442467511, 0.21302263748013239, 0.29661991691753609, 0.21799689331002664, 0.29246538103660524, 0.31208139992127437]
[0.21302263748013239, 0.29661991691753609, 0.21799689331002664, 0.29246538103660524, 0.31208139992127437, 0.30562493460154061]
[0.29661991691753609, 0.21799689331002664, 0.29246538103660524, 0.31208139992127437, 0.30562493460154061, 0.27999534164983059]
[0.21799689331002664, 0.29246538103660524, 0.31208139992127437, 0.30562493460154061, 0.27999534164983059, 0.22166045477278001]
[0.29246538103660524, 0.31208139992127437, 0.30562493460154061, 0.27999534164983059, 0.22166045477278001, 0.24087641879460575]
[0.31208139992127437, 0.30562493460154061, 0.27999534164983059, 0.22166045477278001, 0.24087641879460575, 0.23698383692488867]
[0.30562493460154061, 0.27999534164983059, 0.22166045477278001, 0.24087641879460575, 0.23698383692488867, 0.19507611389645665]
[0.27999534164983059, 0.22166045477278001, 0.24087641879460575, 0.23698383692488867, 0.19507611389645665, 0.24697108695803185]
[0.22166045477278001, 0.24087641879460575, 0.23698383692488867, 0.19507611389645665, 0.24697108695803185, 0.29106746595495447]
[0.24087641879460575, 0.23698383692488867, 0.19507611389645665, 0.24697108695803185, 0.29106746595495447, 0.30753055988953981]
[0.23698383692488867, 0.19507611389645665, 0.24697108695803185, 0.29106746595495447, 0.30753055988953981, 0.2422919983607944]
[0.19507611389645665, 0.24697108695803185, 0.29106746595495447, 0.30753055988953981, 0.2422919983607944, 0.19670488576528389]
[0.24697108695803185, 0.29106746595495447, 0.30753055988953981, 0.2422919983607944, 0.19670488576528389, 0.30661059158764803]
[0.29106746595495447, 0.30753055988953981, 0.2422919983607944, 0.19670488576528389, 0.30661059158764803, 0.23463920766724827]
[0.30753055988953981, 0.2422919983607944, 0.19670488576528389, 0.30661059158764803, 0.23463920766724827, 0.22968821895909963]
[0.2422919983607944, 0.19670488576528389, 0.30661059158764803, 0.23463920766724827, 0.22968821895909963, 0.24447457327338631]
[0.19670488576528389, 0.30661059158764803, 0.23463920766724827, 0.22968821895909963, 0.24447457327338631, 0.30382439479078344]
[0.30661059158764803, 0.23463920766724827, 0.22968821895909963, 0.24447457327338631, 0.30382439479078344, 0.29337564600495775]
[0.23463920766724827, 0.22968821895909963, 0.24447457327338631, 0.30382439479078344, 0.29337564600495775, 0.27159012238717373]
[0.22968821895909963, 0.24447457327338631, 0.30382439479078344, 0.29337564600495775, 0.27159012238717373, 0.23013650792696339]
[0.24447457327338631, 0.30382439479078344, 0.29337564600495775, 0.27159012238717373, 0.23013650792696339, 0.1939715582148171]
[0.30382439479078344, 0.29337564600495775, 0.27159012238717373, 0.23013650792696339, 0.1939715582148171, 0.21684491043238013]
[0.29337564600495775, 0.27159012238717373, 0.23013650792696339, 0.1939715582148171, 0.21684491043238013, 0.18729217701388765]
[0.27159012238717373, 0.23013650792696339, 0.1939715582148171, 0.21684491043238013, 0.18729217701388765, 0.26739843898584736]
[0.23013650792696339, 0.1939715582148171, 0.21684491043238013, 0.18729217701388765, 0.26739843898584736, 0.29796293604711094]
[0.1939715582148171, 0.21684491043238013, 0.18729217701388765, 0.26739843898584736, 0.29796293604711094, 0.31073187056935547]
[0.21684491043238013, 0.18729217701388765, 0.26739843898584736, 0.29796293604711094, 0.31073187056935547, 0.27131069276454489]
[0.18729217701388765, 0.26739843898584736, 0.29796293604711094, 0.31073187056935547, 0.27131069276454489, 0.20263604488398645]
[0.26739843898584736, 0.29796293604711094, 0.31073187056935547, 0.27131069276454489, 0.20263604488398645, 0.17846283590316875]
[0.29796293604711094, 0.31073187056935547, 0.27131069276454489, 0.20263604488398645, 0.17846283590316875, 0.1851318604891426]
[0.31073187056935547, 0.27131069276454489, 0.20263604488398645, 0.17846283590316875, 0.1851318604891426, 0.17584655278845104]
[0.27131069276454489, 0.20263604488398645, 0.17846283590316875, 0.1851318604891426, 0.17584655278845104, 0.19249436518486102]
[0.20263604488398645, 0.17846283590316875, 0.1851318604891426, 0.17584655278845104, 0.19249436518486102, 0.27675929468291011]
[0.17846283590316875, 0.1851318604891426, 0.17584655278845104, 0.19249436518486102, 0.27675929468291011, 0.29655267174824107]
[0.1851318604891426, 0.17584655278845104, 0.19249436518486102, 0.27675929468291011, 0.29655267174824107, 0.30632876943893661]
[0.17584655278845104, 0.19249436518486102, 0.27675929468291011, 0.29655267174824107, 0.30632876943893661, 0.25513188789417784]
[0.19249436518486102, 0.27675929468291011, 0.29655267174824107, 0.30632876943893661, 0.25513188789417784, 0.18442306546354365]
[0.27675929468291011, 0.29655267174824107, 0.30632876943893661, 0.25513188789417784, 0.18442306546354365, 0.19416512449669446]
[0.29655267174824107, 0.30632876943893661, 0.25513188789417784, 0.18442306546354365, 0.19416512449669446, 0.19065502877402446]
[0.30632876943893661, 0.25513188789417784, 0.18442306546354365, 0.19416512449669446, 0.19065502877402446, 0.18311974173822998]
[0.25513188789417784, 0.18442306546354365, 0.19416512449669446, 0.19065502877402446, 0.18311974173822998, 0.18060580666400897]
[0.18442306546354365, 0.19416512449669446, 0.19065502877402446, 0.18311974173822998, 0.18060580666400897, 0.27944637703906949]
[0.19416512449669446, 0.19065502877402446, 0.18311974173822998, 0.18060580666400897, 0.27944637703906949, 0.29663257060379866]
[0.19065502877402446, 0.18311974173822998, 0.18060580666400897, 0.27944637703906949, 0.29663257060379866, 0.29044773059539031]
[0.18311974173822998, 0.18060580666400897, 0.27944637703906949, 0.29663257060379866, 0.29044773059539031, 0.20153829479125832]
[0.18060580666400897, 0.27944637703906949, 0.29663257060379866, 0.29044773059539031, 0.20153829479125832, 0.19053676988861934]
[0.27944637703906949, 0.29663257060379866, 0.29044773059539031, 0.20153829479125832, 0.19053676988861934, 0.17791358082115627]
[0.29663257060379866, 0.29044773059539031, 0.20153829479125832, 0.19053676988861934, 0.17791358082115627, 0.18785716616542458]
[0.29044773059539031, 0.20153829479125832, 0.19053676988861934, 0.17791358082115627, 0.18785716616542458, 0.2697218752343693]
[0.20153829479125832, 0.19053676988861934, 0.17791358082115627, 0.18785716616542458, 0.2697218752343693, 0.21471112529384836]
[0.19053676988861934, 0.17791358082115627, 0.18785716616542458, 0.2697218752343693, 0.21471112529384836, 0.29075279576018093]
[0.17791358082115627, 0.18785716616542458, 0.2697218752343693, 0.21471112529384836, 0.29075279576018093, 0.3024030351933969]
[0.18785716616542458, 0.2697218752343693, 0.21471112529384836, 0.29075279576018093, 0.3024030351933969, 0.23915874445631646]
[0.2697218752343693, 0.21471112529384836, 0.29075279576018093, 0.3024030351933969, 0.23915874445631646, 0.22348687793184924]
[0.21471112529384836, 0.29075279576018093, 0.3024030351933969, 0.23915874445631646, 0.22348687793184924, 0.18972889437293472]
[0.29075279576018093, 0.3024030351933969, 0.23915874445631646, 0.22348687793184924, 0.18972889437293472, 0.20610787771818453]
[0.3024030351933969, 0.23915874445631646, 0.22348687793184924, 0.18972889437293472, 0.20610787771818453, 0.19224273111676426]
[0.23915874445631646, 0.22348687793184924, 0.18972889437293472, 0.20610787771818453, 0.19224273111676426, 0.19405444086428228]
[0.22348687793184924, 0.18972889437293472, 0.20610787771818453, 0.19224273111676426, 0.19405444086428228, 0.28577202947908881]
[0.18972889437293472, 0.20610787771818453, 0.19224273111676426, 0.19405444086428228, 0.28577202947908881, 0.30223488624692751]
[0.20610787771818453, 0.19224273111676426, 0.19405444086428228, 0.28577202947908881, 0.30223488624692751, 0.30593585083972374]
[0.19224273111676426, 0.19405444086428228, 0.28577202947908881, 0.30223488624692751, 0.30593585083972374, 0.22720386661163272]
[0.19405444086428228, 0.28577202947908881, 0.30223488624692751, 0.30593585083972374, 0.22720386661163272, 0.19441159788157303]
[0.28577202947908881, 0.30223488624692751, 0.30593585083972374, 0.22720386661163272, 0.19441159788157303, 0.18738437111651973]
[0.30223488624692751, 0.30593585083972374, 0.22720386661163272, 0.19441159788157303, 0.18738437111651973, 0.20260563392288686]
[0.30593585083972374, 0.22720386661163272, 0.19441159788157303, 0.18738437111651973, 0.20260563392288686, 0.20870499072122722]
[0.22720386661163272, 0.19441159788157303, 0.18738437111651973, 0.20260563392288686, 0.20870499072122722, 0.25944890655633146]
[0.19441159788157303, 0.18738437111651973, 0.20260563392288686, 0.20870499072122722, 0.25944890655633146, 0.31516444074663119]
[0.18738437111651973, 0.20260563392288686, 0.20870499072122722, 0.25944890655633146, 0.31516444074663119, 0.30814364489819157]
[0.20260563392288686, 0.20870499072122722, 0.25944890655633146, 0.31516444074663119, 0.30814364489819157, 0.26588477792652482]
[0.20870499072122722, 0.25944890655633146, 0.31516444074663119, 0.30814364489819157, 0.26588477792652482, 0.19085112717002781]
[0.25944890655633146, 0.31516444074663119, 0.30814364489819157, 0.26588477792652482, 0.19085112717002781, 0.1924890317121975]
[0.31516444074663119, 0.30814364489819157, 0.26588477792652482, 0.19085112717002781, 0.1924890317121975, 0.18729510168790686]
[0.30814364489819157, 0.26588477792652482, 0.19085112717002781, 0.1924890317121975, 0.18729510168790686, 0.19706725874146191]
[0.26588477792652482, 0.19085112717002781, 0.1924890317121975, 0.18729510168790686, 0.19706725874146191, 0.20464199401442712]
[0.19085112717002781, 0.1924890317121975, 0.18729510168790686, 0.19706725874146191, 0.20464199401442712, 0.1906016576214139]
[0.1924890317121975, 0.18729510168790686, 0.19706725874146191, 0.20464199401442712, 0.1906016576214139, 0.19319840615434891]
[0.18729510168790686, 0.19706725874146191, 0.20464199401442712, 0.1906016576214139, 0.19319840615434891, 0.18788044159153178]
[0.19706725874146191, 0.20464199401442712, 0.1906016576214139, 0.19319840615434891, 0.18788044159153178, 0.17979103414308148]
[0.20464199401442712, 0.1906016576214139, 0.19319840615434891, 0.18788044159153178, 0.17979103414308148, 0.18848883317951043]
[0.1906016576214139, 0.19319840615434891, 0.18788044159153178, 0.17979103414308148, 0.18848883317951043, 0.1983752445964703]
[0.19319840615434891, 0.18788044159153178, 0.17979103414308148, 0.18848883317951043, 0.1983752445964703, 0.17612277587288772]
[0.18788044159153178, 0.17979103414308148, 0.18848883317951043, 0.1983752445964703, 0.17612277587288772, 0.17741418000691911]
[0.17979103414308148, 0.18848883317951043, 0.1983752445964703, 0.17612277587288772, 0.17741418000691911, 0.17593957785046657]
[0.18848883317951043, 0.1983752445964703, 0.17612277587288772, 0.17741418000691911, 0.17593957785046657, 0.18832608216282332]
[0.1983752445964703, 0.17612277587288772, 0.17741418000691911, 0.17593957785046657, 0.18832608216282332, 0.17881861692852713]
[0.17612277587288772, 0.17741418000691911, 0.17593957785046657, 0.18832608216282332, 0.17881861692852713, 0.17050978825037599]
[0.17741418000691911, 0.17593957785046657, 0.18832608216282332, 0.17881861692852713, 0.17050978825037599, 0.17330554897025191]
[0.17593957785046657, 0.18832608216282332, 0.17881861692852713, 0.17050978825037599, 0.17330554897025191, 0.16658758159046261]
[0.18832608216282332, 0.17881861692852713, 0.17050978825037599, 0.17330554897025191, 0.16658758159046261, 0.17731762867458037]
[0.17881861692852713, 0.17050978825037599, 0.17330554897025191, 0.16658758159046261, 0.17731762867458037, 0.16641687571957531]
[0.17050978825037599, 0.17330554897025191, 0.16658758159046261, 0.17731762867458037, 0.16641687571957531, 0.17927824984493301]
[0.17330554897025191, 0.16658758159046261, 0.17731762867458037, 0.16641687571957531, 0.17927824984493301, 0.16585178506944892]
[0.16658758159046261, 0.17731762867458037, 0.16641687571957531, 0.17927824984493301, 0.16585178506944892, 0.18494594921258875]
[0.17731762867458037, 0.16641687571957531, 0.17927824984493301, 0.16585178506944892, 0.18494594921258875, 0.18033081477561885]
[0.16641687571957531, 0.17927824984493301, 0.16585178506944892, 0.18494594921258875, 0.18033081477561885, 0.16899664294299616]
[0.17927824984493301, 0.16585178506944892, 0.18494594921258875, 0.18033081477561885, 0.16899664294299616, 0.16198534755835914]
[0.16585178506944892, 0.18494594921258875, 0.18033081477561885, 0.16899664294299616, 0.16198534755835914, 0.16972566326625718]
[0.18494594921258875, 0.18033081477561885, 0.16899664294299616, 0.16198534755835914, 0.16972566326625718, 0.19969622062858322]
[0.18033081477561885, 0.16899664294299616, 0.16198534755835914, 0.16972566326625718, 0.19969622062858322, 0.18869870440808845]
[0.16899664294299616, 0.16198534755835914, 0.16972566326625718, 0.19969622062858322, 0.18869870440808845, 0.26717044816958324]
[0.16198534755835914, 0.16972566326625718, 0.19969622062858322, 0.18869870440808845, 0.26717044816958324, 0.27614193554695665]
[0.16972566326625718, 0.19969622062858322, 0.18869870440808845, 0.26717044816958324, 0.27614193554695665, 0.20373100461466492]
[0.19969622062858322, 0.18869870440808845, 0.26717044816958324, 0.27614193554695665, 0.20373100461466492, 0.21267840081882064]
[0.18869870440808845, 0.26717044816958324, 0.27614193554695665, 0.20373100461466492, 0.21267840081882064, 0.19137072008476369]
[0.26717044816958324, 0.27614193554695665, 0.20373100461466492, 0.21267840081882064, 0.19137072008476369, 0.1924890317121975]
[0.27614193554695665, 0.20373100461466492, 0.21267840081882064, 0.19137072008476369, 0.1924890317121975, 0.19532782443549002]
[0.20373100461466492, 0.21267840081882064, 0.19137072008476369, 0.1924890317121975, 0.19532782443549002, 0.20644422355547232]
[0.21267840081882064, 0.19137072008476369, 0.1924890317121975, 0.19532782443549002, 0.20644422355547232, 0.2557988490492128]
[0.19137072008476369, 0.1924890317121975, 0.19532782443549002, 0.20644422355547232, 0.2557988490492128, 0.28685611809048106]
[0.1924890317121975, 0.19532782443549002, 0.20644422355547232, 0.2557988490492128, 0.28685611809048106, 0.18955065754614375]
[0.19532782443549002, 0.20644422355547232, 0.2557988490492128, 0.28685611809048106, 0.18955065754614375, 0.17080396769166079]
[0.20644422355547232, 0.2557988490492128, 0.28685611809048106, 0.18955065754614375, 0.17080396769166079, 0.20613122777525833]
[0.2557988490492128, 0.28685611809048106, 0.18955065754614375, 0.17080396769166079, 0.20613122777525833, 0.18584091429769561]
[0.28685611809048106, 0.18955065754614375, 0.17080396769166079, 0.20613122777525833, 0.18584091429769561, 0.18341182670992323]
[0.18955065754614375, 0.17080396769166079, 0.20613122777525833, 0.18584091429769561, 0.18341182670992323, 0.2105443866172062]
[0.17080396769166079, 0.20613122777525833, 0.18584091429769561, 0.18341182670992323, 0.2105443866172062, 0.28235929597354081]
[0.20613122777525833, 0.18584091429769561, 0.18341182670992323, 0.2105443866172062, 0.28235929597354081, 0.299944422607344]
[0.18584091429769561, 0.18341182670992323, 0.2105443866172062, 0.28235929597354081, 0.299944422607344, 0.1962929661882179]
[0.18341182670992323, 0.2105443866172062, 0.28235929597354081, 0.299944422607344, 0.1962929661882179, 0.18396574043013714]
[0.2105443866172062, 0.28235929597354081, 0.299944422607344, 0.1962929661882179, 0.18396574043013714, 0.2025166348289788]
[0.28235929597354081, 0.299944422607344, 0.1962929661882179, 0.18396574043013714, 0.2025166348289788, 0.19787232286049436]
[0.299944422607344, 0.1962929661882179, 0.18396574043013714, 0.2025166348289788, 0.19787232286049436, 0.18417445158527321]
[0.1962929661882179, 0.18396574043013714, 0.2025166348289788, 0.19787232286049436, 0.18417445158527321, 0.20543257115251287]
[0.18396574043013714, 0.2025166348289788, 0.19787232286049436, 0.18417445158527321, 0.20543257115251287, 0.30376816430248976]
[0.2025166348289788, 0.19787232286049436, 0.18417445158527321, 0.20543257115251287, 0.30376816430248976, 0.2921229692942019]
[0.19787232286049436, 0.18417445158527321, 0.20543257115251287, 0.30376816430248976, 0.2921229692942019, 0.21548373719033426]
[0.18417445158527321, 0.20543257115251287, 0.30376816430248976, 0.2921229692942019, 0.21548373719033426, 0.2227270454022329]
[0.20543257115251287, 0.30376816430248976, 0.2921229692942019, 0.21548373719033426, 0.2227270454022329, 0.17925206772223362]
[0.30376816430248976, 0.2921229692942019, 0.21548373719033426, 0.2227270454022329, 0.17925206772223362, 0.22117303747794331]
[0.2921229692942019, 0.21548373719033426, 0.2227270454022329, 0.17925206772223362, 0.22117303747794331, 0.23255133043651571]
[0.21548373719033426, 0.2227270454022329, 0.17925206772223362, 0.22117303747794331, 0.23255133043651571, 0.24341913150531944]
[0.2227270454022329, 0.17925206772223362, 0.22117303747794331, 0.23255133043651571, 0.24341913150531944, 0.30379031995939376]
[0.17925206772223362, 0.22117303747794331, 0.23255133043651571, 0.24341913150531944, 0.30379031995939376, 0.24130712644259622]
[0.22117303747794331, 0.23255133043651571, 0.24341913150531944, 0.30379031995939376, 0.24130712644259622, 0.20013519107353211]
[0.23255133043651571, 0.24341913150531944, 0.30379031995939376, 0.24130712644259622, 0.20013519107353211, 0.16731615060206961]
[0.24341913150531944, 0.30379031995939376, 0.24130712644259622, 0.20013519107353211, 0.16731615060206961, 0.22265940162428083]
[0.30379031995939376, 0.24130712644259622, 0.20013519107353211, 0.16731615060206961, 0.22265940162428083, 0.18116587924385408]
[0.24130712644259622, 0.20013519107353211, 0.16731615060206961, 0.22265940162428083, 0.18116587924385408, 0.1924890317121975]
[0.20013519107353211, 0.16731615060206961, 0.22265940162428083, 0.18116587924385408, 0.1924890317121975, 0.2656722798082603]
[0.16731615060206961, 0.22265940162428083, 0.18116587924385408, 0.1924890317121975, 0.2656722798082603, 0.28116802445080763]
[0.22265940162428083, 0.18116587924385408, 0.1924890317121975, 0.2656722798082603, 0.28116802445080763, 0.20387417628828725]
[0.18116587924385408, 0.1924890317121975, 0.2656722798082603, 0.28116802445080763, 0.20387417628828725, 0.18470519380494313]
[0.1924890317121975, 0.2656722798082603, 0.28116802445080763, 0.20387417628828725, 0.18470519380494313, 0.17756772487912112]
[0.2656722798082603, 0.28116802445080763, 0.20387417628828725, 0.18470519380494313, 0.17756772487912112, 0.1851348272373084]
[0.28116802445080763, 0.20387417628828725, 0.18470519380494313, 0.17756772487912112, 0.1851348272373084, 0.18070985346984919]
[0.20387417628828725, 0.18470519380494313, 0.17756772487912112, 0.1851348272373084, 0.18070985346984919, 0.25864457460264723]
[0.18470519380494313, 0.17756772487912112, 0.1851348272373084, 0.18070985346984919, 0.25864457460264723, 0.30150701954410619]
[0.17756772487912112, 0.1851348272373084, 0.18070985346984919, 0.25864457460264723, 0.30150701954410619, 0.30378392240084806]
[0.1851348272373084, 0.18070985346984919, 0.25864457460264723, 0.30150701954410619, 0.30378392240084806, 0.18494434244181135]
[0.18070985346984919, 0.25864457460264723, 0.30150701954410619, 0.30378392240084806, 0.18494434244181135, 0.16466456871372565]
[0.25864457460264723, 0.30150701954410619, 0.30378392240084806, 0.18494434244181135, 0.16466456871372565, 0.17065237803854744]
[0.30150701954410619, 0.30378392240084806, 0.18494434244181135, 0.16466456871372565, 0.17065237803854744, 0.17421111832959954]
[0.30378392240084806, 0.18494434244181135, 0.16466456871372565, 0.17065237803854744, 0.17421111832959954, 0.21547989614975871]
[0.18494434244181135, 0.16466456871372565, 0.17065237803854744, 0.17421111832959954, 0.21547989614975871, 0.28724626010524806]
[0.16466456871372565, 0.17065237803854744, 0.17421111832959954, 0.21547989614975871, 0.28724626010524806, 0.29632224372405214]
[0.17065237803854744, 0.17421111832959954, 0.21547989614975871, 0.28724626010524806, 0.29632224372405214, 0.26591155239692799]
[0.17421111832959954, 0.21547989614975871, 0.28724626010524806, 0.29632224372405214, 0.26591155239692799, 0.16575751117315041]
[0.21547989614975871, 0.28724626010524806, 0.29632224372405214, 0.26591155239692799, 0.16575751117315041, 0.18720447104232785]
[0.28724626010524806, 0.29632224372405214, 0.26591155239692799, 0.16575751117315041, 0.18720447104232785, 0.17355960584970975]
[0.29632224372405214, 0.26591155239692799, 0.16575751117315041, 0.18720447104232785, 0.17355960584970975, 0.18624497477086341]
[0.26591155239692799, 0.16575751117315041, 0.18720447104232785, 0.17355960584970975, 0.18624497477086341, 0.1775599923028113]
[0.16575751117315041, 0.18720447104232785, 0.17355960584970975, 0.18624497477086341, 0.1775599923028113, 0.28056479511614957]
[0.18720447104232785, 0.17355960584970975, 0.18624497477086341, 0.1775599923028113, 0.28056479511614957, 0.29775727063629276]
[0.17355960584970975, 0.18624497477086341, 0.1775599923028113, 0.28056479511614957, 0.29775727063629276, 0.26130626236606641]
[0.18624497477086341, 0.1775599923028113, 0.28056479511614957, 0.29775727063629276, 0.26130626236606641, 0.16571868587540106]
[0.1775599923028113, 0.28056479511614957, 0.29775727063629276, 0.26130626236606641, 0.16571868587540106, 0.20722798910302503]
[0.28056479511614957, 0.29775727063629276, 0.26130626236606641, 0.16571868587540106, 0.20722798910302503, 0.21608093062008898]
[0.29775727063629276, 0.26130626236606641, 0.16571868587540106, 0.20722798910302503, 0.21608093062008898, 0.26774663556398959]
[0.26130626236606641, 0.16571868587540106, 0.20722798910302503, 0.21608093062008898, 0.26774663556398959, 0.16246386291609327]
[0.16571868587540106, 0.20722798910302503, 0.21608093062008898, 0.26774663556398959, 0.16246386291609327, 0.17804030183405145]
[0.20722798910302503, 0.21608093062008898, 0.26774663556398959, 0.16246386291609327, 0.17804030183405145, 0.17566548804764759]
[0.21608093062008898, 0.26774663556398959, 0.16246386291609327, 0.17804030183405145, 0.17566548804764759, 0.16959936973522211]
[0.26774663556398959, 0.16246386291609327, 0.17804030183405145, 0.17566548804764759, 0.16959936973522211, 0.18358962310676946]
[0.16246386291609327, 0.17804030183405145, 0.17566548804764759, 0.16959936973522211, 0.18358962310676946, 0.19476114817075862]
[0.17804030183405145, 0.17566548804764759, 0.16959936973522211, 0.18358962310676946, 0.19476114817075862, 0.18298519364041027]
[0.17566548804764759, 0.16959936973522211, 0.18358962310676946, 0.19476114817075862, 0.18298519364041027, 0.23777439635786801]
[0.16959936973522211, 0.18358962310676946, 0.19476114817075862, 0.18298519364041027, 0.23777439635786801, 0.29327350068123637]
[0.18358962310676946, 0.19476114817075862, 0.18298519364041027, 0.23777439635786801, 0.29327350068123637, 0.17731540463914375]
[0.19476114817075862, 0.18298519364041027, 0.23777439635786801, 0.29327350068123637, 0.17731540463914375, 0.18954360285068239]
[0.18298519364041027, 0.23777439635786801, 0.29327350068123637, 0.17731540463914375, 0.18954360285068239, 0.17888346250106693]
[0.23777439635786801, 0.29327350068123637, 0.17731540463914375, 0.18954360285068239, 0.17888346250106693, 0.17840974069777873]
[0.29327350068123637, 0.17731540463914375, 0.18954360285068239, 0.17888346250106693, 0.17840974069777873, 0.18451599417113079]
[0.17731540463914375, 0.18954360285068239, 0.17888346250106693, 0.17840974069777873, 0.18451599417113079, 0.23490008295262188]
[0.18954360285068239, 0.17888346250106693, 0.17840974069777873, 0.18451599417113079, 0.23490008295262188, 0.28285099760237675]
[0.17888346250106693, 0.17840974069777873, 0.18451599417113079, 0.23490008295262188, 0.28285099760237675, 0.19795517624762182]
[0.17840974069777873, 0.18451599417113079, 0.23490008295262188, 0.28285099760237675, 0.19795517624762182, 0.17275492835014672]
[0.18451599417113079, 0.23490008295262188, 0.28285099760237675, 0.19795517624762182, 0.17275492835014672, 0.17189857473698553]
[0.23490008295262188, 0.28285099760237675, 0.19795517624762182, 0.17275492835014672, 0.17189857473698553, 0.16490078521675161]
[0.28285099760237675, 0.19795517624762182, 0.17275492835014672, 0.17189857473698553, 0.16490078521675161, 0.18700952552612862]
[0.19795517624762182, 0.17275492835014672, 0.17189857473698553, 0.16490078521675161, 0.18700952552612862, 0.28490463477187244]
[0.17275492835014672, 0.17189857473698553, 0.16490078521675161, 0.18700952552612862, 0.28490463477187244, 0.29945902587706641]
[0.17189857473698553, 0.16490078521675161, 0.18700952552612862, 0.28490463477187244, 0.29945902587706641, 0.29599083202488174]
[0.16490078521675161, 0.18700952552612862, 0.28490463477187244, 0.29945902587706641, 0.29599083202488174, 0.19449504912992771]
[0.18700952552612862, 0.28490463477187244, 0.29945902587706641, 0.29599083202488174, 0.19449504912992771, 0.16638494849234584]
[0.28490463477187244, 0.29945902587706641, 0.29599083202488174, 0.19449504912992771, 0.16638494849234584, 0.18060598816473108]
[0.29945902587706641, 0.29599083202488174, 0.19449504912992771, 0.16638494849234584, 0.18060598816473108, 0.18400787838293711]
[0.29599083202488174, 0.19449504912992771, 0.16638494849234584, 0.18060598816473108, 0.18400787838293711, 0.1911544063109992]
[0.19449504912992771, 0.16638494849234584, 0.18060598816473108, 0.18400787838293711, 0.1911544063109992, 0.29135213445439745]
[0.16638494849234584, 0.18060598816473108, 0.18400787838293711, 0.1911544063109992, 0.29135213445439745, 0.28825402972021952]
[0.18060598816473108, 0.18400787838293711, 0.1911544063109992, 0.29135213445439745, 0.28825402972021952, 0.26226227833800647]
[0.18400787838293711, 0.1911544063109992, 0.29135213445439745, 0.28825402972021952, 0.26226227833800647, 0.17277400167423715]
[0.1911544063109992, 0.29135213445439745, 0.28825402972021952, 0.26226227833800647, 0.17277400167423715, 0.17880296831792486]
[0.29135213445439745, 0.28825402972021952, 0.26226227833800647, 0.17277400167423715, 0.17880296831792486, 0.15571301834945725]
[0.28825402972021952, 0.26226227833800647, 0.17277400167423715, 0.17880296831792486, 0.15571301834945725, 0.18643418577889359]
[0.26226227833800647, 0.17277400167423715, 0.17880296831792486, 0.15571301834945725, 0.18643418577889359, 0.22227447936305783]
[0.17277400167423715, 0.17880296831792486, 0.15571301834945725, 0.18643418577889359, 0.22227447936305783, 0.29572896877528965]
[0.17880296831792486, 0.15571301834945725, 0.18643418577889359, 0.22227447936305783, 0.29572896877528965, 0.29098164137401406]
[0.15571301834945725, 0.18643418577889359, 0.22227447936305783, 0.29572896877528965, 0.29098164137401406, 0.29365765146996148]
[0.18643418577889359, 0.22227447936305783, 0.29572896877528965, 0.29098164137401406, 0.29365765146996148, 0.17036180187632116]
[0.22227447936305783, 0.29572896877528965, 0.29098164137401406, 0.29365765146996148, 0.17036180187632116, 0.14473029907385793]
[0.29572896877528965, 0.29098164137401406, 0.29365765146996148, 0.17036180187632116, 0.14473029907385793, 0.17166260532405159]
[0.29098164137401406, 0.29365765146996148, 0.17036180187632116, 0.14473029907385793, 0.17166260532405159, 0.16111683730034204]
[0.29365765146996148, 0.17036180187632116, 0.14473029907385793, 0.17166260532405159, 0.16111683730034204, 0.18168393250096976]
[0.17036180187632116, 0.14473029907385793, 0.17166260532405159, 0.16111683730034204, 0.18168393250096976, 0.21263082800165603]
[0.14473029907385793, 0.17166260532405159, 0.16111683730034204, 0.18168393250096976, 0.21263082800165603, 0.29599942202102969]
[0.17166260532405159, 0.16111683730034204, 0.18168393250096976, 0.21263082800165603, 0.29599942202102969, 0.30080622557886549]
[0.16111683730034204, 0.18168393250096976, 0.21263082800165603, 0.29599942202102969, 0.30080622557886549, 0.20730134411016193]
[0.18168393250096976, 0.21263082800165603, 0.29599942202102969, 0.30080622557886549, 0.20730134411016193, 0.17950808561384018]
[0.21263082800165603, 0.29599942202102969, 0.30080622557886549, 0.20730134411016193, 0.17950808561384018, 0.19441159788157303]
[0.29599942202102969, 0.30080622557886549, 0.20730134411016193, 0.17950808561384018, 0.19441159788157303, 0.18477426941194899]
[0.30080622557886549, 0.20730134411016193, 0.17950808561384018, 0.19441159788157303, 0.18477426941194899, 0.20589828119016607]
[0.20730134411016193, 0.17950808561384018, 0.19441159788157303, 0.18477426941194899, 0.20589828119016607, 0.19940072777049217]
[0.17950808561384018, 0.19441159788157303, 0.18477426941194899, 0.20589828119016607, 0.19940072777049217, 0.25987753742271635]
[0.19441159788157303, 0.18477426941194899, 0.20589828119016607, 0.19940072777049217, 0.25987753742271635, 0.29968589509039889]
[0.18477426941194899, 0.20589828119016607, 0.19940072777049217, 0.25987753742271635, 0.29968589509039889, 0.28923021650519931]
[0.20589828119016607, 0.19940072777049217, 0.25987753742271635, 0.29968589509039889, 0.28923021650519931, 0.17873257316738056]
[0.19940072777049217, 0.25987753742271635, 0.29968589509039889, 0.28923021650519931, 0.17873257316738056, 0.18212018625532217]
[0.25987753742271635, 0.29968589509039889, 0.28923021650519931, 0.17873257316738056, 0.18212018625532217, 0.19901323075271776]
