[0.3153709854458695, 0.33309706078061685, 0.33457996989575517, 0.32407477902677972, 0.30945959748906282, 0.30100677702213774]
[0.33309706078061685, 0.33457996989575517, 0.32407477902677972, 0.30945959748906282, 0.30100677702213774, 0.32415005184569767]
[0.33457996989575517, 0.32407477902677972, 0.30945959748906282, 0.30100677702213774, 0.32415005184569767, 0.29259441489896731]
[0.32407477902677972, 0.30945959748906282, 0.30100677702213774, 0.32415005184569767, 0.29259441489896731, 0.31451143351410471]
[0.30945959748906282, 0.30100677702213774, 0.32415005184569767, 0.29259441489896731, 0.31451143351410471, 0.27866190217810211]
[0.30100677702213774, 0.32415005184569767, 0.29259441489896731, 0.31451143351410471, 0.27866190217810211, 0.25867010420631065]
[0.32415005184569767, 0.29259441489896731, 0.31451143351410471, 0.27866190217810211, 0.25867010420631065, 0.3117484589370984]
[0.29259441489896731, 0.31451143351410471, 0.27866190217810211, 0.25867010420631065, 0.3117484589370984, 0.2827746344796338]
[0.31451143351410471, 0.27866190217810211, 0.25867010420631065, 0.3117484589370984, 0.2827746344796338, 0.3010053944600346]
[0.27866190217810211, 0.25867010420631065, 0.3117484589370984, 0.2827746344796338, 0.3010053944600346, 0.29834490909997335]
[0.25867010420631065, 0.3117484589370984, 0.2827746344796338, 0.3010053944600346, 0.29834490909997335, 0.26526457831452438]
[0.3117484589370984, 0.2827746344796338, 0.3010053944600346, 0.29834490909997335, 0.26526457831452438, 0.2630493550488211]
[0.2827746344796338, 0.3010053944600346, 0.29834490909997335, 0.26526457831452438, 0.2630493550488211, 0.26709546606069001]
[0.3010053944600346, 0.29834490909997335, 0.26526457831452438, 0.2630493550488211, 0.26709546606069001, 0.29452479471205162]
[0.29834490909997335, 0.26526457831452438, 0.2630493550488211, 0.26709546606069001, 0.29452479471205162, 0.30206702020769349]
[0.26526457831452438, 0.2630493550488211, 0.26709546606069001, 0.29452479471205162, 0.30206702020769349, 0.30518407740545939]
[0.2630493550488211, 0.26709546606069001, 0.29452479471205162, 0.30206702020769349, 0.30518407740545939, 0.29938699591350881]
[0.26709546606069001, 0.29452479471205162, 0.30206702020769349, 0.30518407740545939, 0.29938699591350881, 0.30002845409443701]
[0.29452479471205162, 0.30206702020769349, 0.30518407740545939, 0.29938699591350881, 0.30002845409443701, 0.30499526991830972]
[0.30206702020769349, 0.30518407740545939, 0.29938699591350881, 0.30002845409443701, 0.30499526991830972, 0.30621243786643204]
[0.30518407740545939, 0.29938699591350881, 0.30002845409443701, 0.30499526991830972, 0.30621243786643204, 0.32405528055359545]
[0.29938699591350881, 0.30002845409443701, 0.30499526991830972, 0.30621243786643204, 0.32405528055359545, 0.3126377467935415]
[0.30002845409443701, 0.30499526991830972, 0.30621243786643204, 0.32405528055359545, 0.3126377467935415, 0.32218781481545677]
[0.30499526991830972, 0.30621243786643204, 0.32405528055359545, 0.3126377467935415, 0.32218781481545677, 0.32220050640044379]
[0.30621243786643204, 0.32405528055359545, 0.3126377467935415, 0.32218781481545677, 0.32220050640044379, 0.32981962145326837]
[0.32405528055359545, 0.3126377467935415, 0.32218781481545677, 0.32220050640044379, 0.32981962145326837, 0.34865345664122416]
[0.3126377467935415, 0.32218781481545677, 0.32220050640044379, 0.32981962145326837, 0.34865345664122416, 0.32976010569850667]
[0.32218781481545677, 0.32220050640044379, 0.32981962145326837, 0.34865345664122416, 0.32976010569850667, 0.30397781181266426]
[0.32220050640044379, 0.32981962145326837, 0.34865345664122416, 0.32976010569850667, 0.30397781181266426, 0.31826280692973319]
[0.32981962145326837, 0.34865345664122416, 0.32976010569850667, 0.30397781181266426, 0.31826280692973319, 0.32942409205913237]
[0.34865345664122416, 0.32976010569850667, 0.30397781181266426, 0.31826280692973319, 0.32942409205913237, 0.3281898351858703]
[0.32976010569850667, 0.30397781181266426, 0.31826280692973319, 0.32942409205913237, 0.3281898351858703, 0.32947111625849956]
[0.30397781181266426, 0.31826280692973319, 0.32942409205913237, 0.3281898351858703, 0.32947111625849956, 0.32359437172081196]
[0.31826280692973319, 0.32942409205913237, 0.3281898351858703, 0.32947111625849956, 0.32359437172081196, 0.33109953155713234]
[0.32942409205913237, 0.3281898351858703, 0.32947111625849956, 0.32359437172081196, 0.33109953155713234, 0.29690704878587959]
[0.3281898351858703, 0.32947111625849956, 0.32359437172081196, 0.33109953155713234, 0.29690704878587959, 0.30307188667915169]
[0.32947111625849956, 0.32359437172081196, 0.33109953155713234, 0.29690704878587959, 0.30307188667915169, 0.27992083356478503]
[0.32359437172081196, 0.33109953155713234, 0.29690704878587959, 0.30307188667915169, 0.27992083356478503, 0.28617632913001501]
[0.33109953155713234, 0.29690704878587959, 0.30307188667915169, 0.27992083356478503, 0.28617632913001501, 0.3009944140048163]
[0.29690704878587959, 0.30307188667915169, 0.27992083356478503, 0.28617632913001501, 0.3009944140048163, 0.3000652065627411]
[0.30307188667915169, 0.27992083356478503, 0.28617632913001501, 0.3009944140048163, 0.3000652065627411, 0.30377642421449846]
[0.27992083356478503, 0.28617632913001501, 0.3009944140048163, 0.3000652065627411, 0.30377642421449846, 0.29585857780374514]
[0.28617632913001501, 0.3009944140048163, 0.3000652065627411, 0.30377642421449846, 0.29585857780374514, 0.29663446281266731]
[0.3009944140048163, 0.3000652065627411, 0.30377642421449846, 0.29585857780374514, 0.29663446281266731, 0.29213203741978483]
[0.3000652065627411, 0.30377642421449846, 0.29585857780374514, 0.29663446281266731, 0.29213203741978483, 0.30318806891252958]
[0.30377642421449846, 0.29585857780374514, 0.29663446281266731, 0.29213203741978483, 0.30318806891252958, 0.30158970902281135]
[0.29585857780374514, 0.29663446281266731, 0.29213203741978483, 0.30318806891252958, 0.30158970902281135, 0.29491537092167391]
[0.29663446281266731, 0.29213203741978483, 0.30318806891252958, 0.30158970902281135, 0.29491537092167391, 0.29952661892068666]
[0.29213203741978483, 0.30318806891252958, 0.30158970902281135, 0.29491537092167391, 0.29952661892068666, 0.30433592814740795]
[0.30318806891252958, 0.30158970902281135, 0.29491537092167391, 0.29952661892068666, 0.30433592814740795, 0.29523624774013613]
[0.30158970902281135, 0.29491537092167391, 0.29952661892068666, 0.30433592814740795, 0.29523624774013613, 0.29232831217806882]
[0.29491537092167391, 0.29952661892068666, 0.30433592814740795, 0.29523624774013613, 0.29232831217806882, 0.29198753488142926]
[0.29952661892068666, 0.30433592814740795, 0.29523624774013613, 0.29232831217806882, 0.29198753488142926, 0.30993851159869112]
[0.30433592814740795, 0.29523624774013613, 0.29232831217806882, 0.29198753488142926, 0.30993851159869112, 0.30279776690187643]
[0.29523624774013613, 0.29232831217806882, 0.29198753488142926, 0.30993851159869112, 0.30279776690187643, 0.30420890201318362]
[0.29232831217806882, 0.29198753488142926, 0.30993851159869112, 0.30279776690187643, 0.30420890201318362, 0.27635055620140198]
[0.29198753488142926, 0.30993851159869112, 0.30279776690187643, 0.30420890201318362, 0.27635055620140198, 0.34048862869646201]
[0.30993851159869112, 0.30279776690187643, 0.30420890201318362, 0.27635055620140198, 0.34048862869646201, 0.32750172445864922]
[0.30279776690187643, 0.30420890201318362, 0.27635055620140198, 0.34048862869646201, 0.32750172445864922, 0.33884795028571851]
[0.30420890201318362, 0.27635055620140198, 0.34048862869646201, 0.32750172445864922, 0.33884795028571851, 0.33645128280655662]
[0.27635055620140198, 0.34048862869646201, 0.32750172445864922, 0.33884795028571851, 0.33645128280655662, 0.34277338512990907]
[0.34048862869646201, 0.32750172445864922, 0.33884795028571851, 0.33645128280655662, 0.34277338512990907, 0.34924927542606954]
[0.32750172445864922, 0.33884795028571851, 0.33645128280655662, 0.34277338512990907, 0.34924927542606954, 0.33339007048003699]
[0.33884795028571851, 0.33645128280655662, 0.34277338512990907, 0.34924927542606954, 0.33339007048003699, 0.3095034198029884]
[0.33645128280655662, 0.34277338512990907, 0.34924927542606954, 0.33339007048003699, 0.3095034198029884, 0.28089309779952365]
[0.34277338512990907, 0.34924927542606954, 0.33339007048003699, 0.3095034198029884, 0.28089309779952365, 0.34200881263483962]
[0.34924927542606954, 0.33339007048003699, 0.3095034198029884, 0.28089309779952365, 0.34200881263483962, 0.28739077791620132]
[0.33339007048003699, 0.3095034198029884, 0.28089309779952365, 0.34200881263483962, 0.28739077791620132, 0.31575808048271303]
[0.3095034198029884, 0.28089309779952365, 0.34200881263483962, 0.28739077791620132, 0.31575808048271303, 0.29857321493294009]
[0.28089309779952365, 0.34200881263483962, 0.28739077791620132, 0.31575808048271303, 0.29857321493294009, 0.31589513050463519]
[0.34200881263483962, 0.28739077791620132, 0.31575808048271303, 0.29857321493294009, 0.31589513050463519, 0.29457342288304367]
[0.28739077791620132, 0.31575808048271303, 0.29857321493294009, 0.31589513050463519, 0.29457342288304367, 0.28597892710172479]
[0.31575808048271303, 0.29857321493294009, 0.31589513050463519, 0.29457342288304367, 0.28597892710172479, 0.28716528121865081]
[0.29857321493294009, 0.31589513050463519, 0.29457342288304367, 0.28597892710172479, 0.28716528121865081, 0.31184233401211958]
[0.31589513050463519, 0.29457342288304367, 0.28597892710172479, 0.28716528121865081, 0.31184233401211958, 0.28953510538156652]
[0.29457342288304367, 0.28597892710172479, 0.28716528121865081, 0.31184233401211958, 0.28953510538156652, 0.27923655831376692]
[0.28597892710172479, 0.28716528121865081, 0.31184233401211958, 0.28953510538156652, 0.27923655831376692, 0.29672053757381678]
[0.28716528121865081, 0.31184233401211958, 0.28953510538156652, 0.27923655831376692, 0.29672053757381678, 0.30514322990044923]
[0.31184233401211958, 0.28953510538156652, 0.27923655831376692, 0.29672053757381678, 0.30514322990044923, 0.30770984208631036]
[0.28953510538156652, 0.27923655831376692, 0.29672053757381678, 0.30514322990044923, 0.30770984208631036, 0.25888062350422303]
[0.27923655831376692, 0.29672053757381678, 0.30514322990044923, 0.30770984208631036, 0.25888062350422303, 0.28862025067555419]
[0.29672053757381678, 0.30514322990044923, 0.30770984208631036, 0.25888062350422303, 0.28862025067555419, 0.30759767172726815]
[0.30514322990044923, 0.30770984208631036, 0.25888062350422303, 0.28862025067555419, 0.30759767172726815, 0.29239757501526625]
[0.30770984208631036, 0.25888062350422303, 0.28862025067555419, 0.30759767172726815, 0.29239757501526625, 0.31453099013806052]
[0.25888062350422303, 0.28862025067555419, 0.30759767172726815, 0.29239757501526625, 0.31453099013806052, 0.31609577827016955]
[0.28862025067555419, 0.30759767172726815, 0.29239757501526625, 0.31453099013806052, 0.31609577827016955, 0.31704331199683566]
[0.30759767172726815, 0.29239757501526625, 0.31453099013806052, 0.31609577827016955, 0.31704331199683566, 0.33698936218375519]
[0.29239757501526625, 0.31453099013806052, 0.31609577827016955, 0.31704331199683566, 0.33698936218375519, 0.31117288077700622]
[0.31453099013806052, 0.31609577827016955, 0.31704331199683566, 0.33698936218375519, 0.31117288077700622, 0.32934542468435762]
[0.31609577827016955, 0.31704331199683566, 0.33698936218375519, 0.31117288077700622, 0.32934542468435762, 0.30797012282575009]
[0.31704331199683566, 0.33698936218375519, 0.31117288077700622, 0.32934542468435762, 0.30797012282575009, 0.30843911281316116]
[0.33698936218375519, 0.31117288077700622, 0.32934542468435762, 0.30797012282575009, 0.30843911281316116, 0.31569445527258644]
[0.31117288077700622, 0.32934542468435762, 0.30797012282575009, 0.30843911281316116, 0.31569445527258644, 0.32061702072703235]
[0.32934542468435762, 0.30797012282575009, 0.30843911281316116, 0.31569445527258644, 0.32061702072703235, 0.33782529191232469]
[0.30797012282575009, 0.30843911281316116, 0.31569445527258644, 0.32061702072703235, 0.33782529191232469, 0.33522090747046718]
[0.30843911281316116, 0.31569445527258644, 0.32061702072703235, 0.33782529191232469, 0.33522090747046718, 0.31642479639781551]
[0.31569445527258644, 0.32061702072703235, 0.33782529191232469, 0.33522090747046718, 0.31642479639781551, 0.31048075209837822]
[0.32061702072703235, 0.33782529191232469, 0.33522090747046718, 0.31642479639781551, 0.31048075209837822, 0.30832832428510448]
[0.33782529191232469, 0.33522090747046718, 0.31642479639781551, 0.31048075209837822, 0.30832832428510448, 0.32155405907109286]
[0.33522090747046718, 0.31642479639781551, 0.31048075209837822, 0.30832832428510448, 0.32155405907109286, 0.32375411264611059]
[0.31642479639781551, 0.31048075209837822, 0.30832832428510448, 0.32155405907109286, 0.32375411264611059, 0.31368116536804413]
[0.31048075209837822, 0.30832832428510448, 0.32155405907109286, 0.32375411264611059, 0.31368116536804413, 0.30828596128221308]
[0.30832832428510448, 0.32155405907109286, 0.32375411264611059, 0.31368116536804413, 0.30828596128221308, 0.33210920863164212]
[0.32155405907109286, 0.32375411264611059, 0.31368116536804413, 0.30828596128221308, 0.33210920863164212, 0.32539288554859491]
[0.32375411264611059, 0.31368116536804413, 0.30828596128221308, 0.33210920863164212, 0.32539288554859491, 0.33641052463645194]
[0.31368116536804413, 0.30828596128221308, 0.33210920863164212, 0.32539288554859491, 0.33641052463645194, 0.31665733442730376]
[0.30828596128221308, 0.33210920863164212, 0.32539288554859491, 0.33641052463645194, 0.31665733442730376, 0.29395963638916423]
[0.33210920863164212, 0.32539288554859491, 0.33641052463645194, 0.31665733442730376, 0.29395963638916423, 0.3257132035777473]
[0.32539288554859491, 0.33641052463645194, 0.31665733442730376, 0.29395963638916423, 0.3257132035777473, 0.3296343169415793]
[0.33641052463645194, 0.31665733442730376, 0.29395963638916423, 0.3257132035777473, 0.3296343169415793, 0.31587874204426369]
[0.31665733442730376, 0.29395963638916423, 0.3257132035777473, 0.3296343169415793, 0.31587874204426369, 0.31905961722867515]
[0.29395963638916423, 0.3257132035777473, 0.3296343169415793, 0.31587874204426369, 0.31905961722867515, 0.311835863710613]
[0.3257132035777473, 0.3296343169415793, 0.31587874204426369, 0.31905961722867515, 0.311835863710613, 0.32543623684423018]
[0.3296343169415793, 0.31587874204426369, 0.31905961722867515, 0.311835863710613, 0.32543623684423018, 0.31035083187562124]
[0.31587874204426369, 0.31905961722867515, 0.311835863710613, 0.32543623684423018, 0.31035083187562124, 0.33393389697807874]
[0.31905961722867515, 0.311835863710613, 0.32543623684423018, 0.31035083187562124, 0.33393389697807874, 0.33342632557477092]
[0.311835863710613, 0.32543623684423018, 0.31035083187562124, 0.33393389697807874, 0.33342632557477092, 0.30481866394667323]
[0.32543623684423018, 0.31035083187562124, 0.33393389697807874, 0.33342632557477092, 0.30481866394667323, 0.30530629782390345]
[0.31035083187562124, 0.33393389697807874, 0.33342632557477092, 0.30481866394667323, 0.30530629782390345, 0.31233247890626159]
[0.33393389697807874, 0.33342632557477092, 0.30481866394667323, 0.30530629782390345, 0.31233247890626159, 0.2998529599479921]
[0.33342632557477092, 0.30481866394667323, 0.30530629782390345, 0.31233247890626159, 0.2998529599479921, 0.3040707847413392]
[0.30481866394667323, 0.30530629782390345, 0.31233247890626159, 0.2998529599479921, 0.3040707847413392, 0.32120800072373573]
[0.30530629782390345, 0.31233247890626159, 0.2998529599479921, 0.3040707847413392, 0.32120800072373573, 0.33287770328816579]
[0.31233247890626159, 0.2998529599479921, 0.3040707847413392, 0.32120800072373573, 0.33287770328816579, 0.31327610777348724]
[0.2998529599479921, 0.3040707847413392, 0.32120800072373573, 0.33287770328816579, 0.31327610777348724, 0.33665374201652498]
[0.3040707847413392, 0.32120800072373573, 0.33287770328816579, 0.31327610777348724, 0.33665374201652498, 0.33696043285753813]
[0.32120800072373573, 0.33287770328816579, 0.31327610777348724, 0.33665374201652498, 0.33696043285753813, 0.33507329434691913]
[0.33287770328816579, 0.31327610777348724, 0.33665374201652498, 0.33696043285753813, 0.33507329434691913, 0.33114059311295868]
[0.31327610777348724, 0.33665374201652498, 0.33696043285753813, 0.33507329434691913, 0.33114059311295868, 0.32797930579534773]
[0.33665374201652498, 0.33696043285753813, 0.33507329434691913, 0.33114059311295868, 0.32797930579534773, 0.32606442070337488]
[0.33696043285753813, 0.33507329434691913, 0.33114059311295868, 0.32797930579534773, 0.32606442070337488, 0.32581098554542087]
[0.33507329434691913, 0.33114059311295868, 0.32797930579534773, 0.32606442070337488, 0.32581098554542087, 0.33072556186151147]
[0.33114059311295868, 0.32797930579534773, 0.32606442070337488, 0.32581098554542087, 0.33072556186151147, 0.32572299952070904]
[0.32797930579534773, 0.32606442070337488, 0.32581098554542087, 0.33072556186151147, 0.32572299952070904, 0.32276760778795593]
[0.32606442070337488, 0.32581098554542087, 0.33072556186151147, 0.32572299952070904, 0.32276760778795593, 0.31395876323630756]
[0.32581098554542087, 0.33072556186151147, 0.32572299952070904, 0.32276760778795593, 0.31395876323630756, 0.31282950051252811]
[0.33072556186151147, 0.32572299952070904, 0.32276760778795593, 0.31395876323630756, 0.31282950051252811, 0.32087149957158762]
[0.32572299952070904, 0.32276760778795593, 0.31395876323630756, 0.31282950051252811, 0.32087149957158762, 0.30805845780389801]
[0.32276760778795593, 0.31395876323630756, 0.31282950051252811, 0.32087149957158762, 0.30805845780389801, 0.32227001315371745]
[0.31395876323630756, 0.31282950051252811, 0.32087149957158762, 0.30805845780389801, 0.32227001315371745, 0.32842945771454557]
[0.31282950051252811, 0.32087149957158762, 0.30805845780389801, 0.32227001315371745, 0.32842945771454557, 0.33256287114223948]
[0.32087149957158762, 0.30805845780389801, 0.32227001315371745, 0.32842945771454557, 0.33256287114223948, 0.31256536274430918]
[0.30805845780389801, 0.32227001315371745, 0.32842945771454557, 0.33256287114223948, 0.31256536274430918, 0.32748862105808835]
[0.32227001315371745, 0.32842945771454557, 0.33256287114223948, 0.31256536274430918, 0.32748862105808835, 0.32251955803713545]
[0.32842945771454557, 0.33256287114223948, 0.31256536274430918, 0.32748862105808835, 0.32251955803713545, 0.3113354699368544]
[0.33256287114223948, 0.31256536274430918, 0.32748862105808835, 0.32251955803713545, 0.3113354699368544, 0.31277724774193172]
[0.31256536274430918, 0.32748862105808835, 0.32251955803713545, 0.3113354699368544, 0.31277724774193172, 0.32271423288286344]
[0.32748862105808835, 0.32251955803713545, 0.3113354699368544, 0.31277724774193172, 0.32271423288286344, 0.30688415146171849]
[0.32251955803713545, 0.3113354699368544, 0.31277724774193172, 0.32271423288286344, 0.30688415146171849, 0.32058617241983761]
[0.3113354699368544, 0.31277724774193172, 0.32271423288286344, 0.30688415146171849, 0.32058617241983761, 0.31018795298721452]
[0.31277724774193172, 0.32271423288286344, 0.30688415146171849, 0.32058617241983761, 0.31018795298721452, 0.32038397884298531]
[0.32271423288286344, 0.30688415146171849, 0.32058617241983761, 0.31018795298721452, 0.32038397884298531, 0.32238622078452983]
[0.30688415146171849, 0.32058617241983761, 0.31018795298721452, 0.32038397884298531, 0.32238622078452983, 0.31967008429078458]
[0.32058617241983761, 0.31018795298721452, 0.32038397884298531, 0.32238622078452983, 0.31967008429078458, 0.31395876323630756]
[0.31018795298721452, 0.32038397884298531, 0.32238622078452983, 0.31967008429078458, 0.31395876323630756, 0.3070122504453805]
[0.32038397884298531, 0.32238622078452983, 0.31967008429078458, 0.31395876323630756, 0.3070122504453805, 0.31402293249979296]
[0.32238622078452983, 0.31967008429078458, 0.31395876323630756, 0.3070122504453805, 0.31402293249979296, 0.3218479470923663]
[0.31967008429078458, 0.31395876323630756, 0.3070122504453805, 0.31402293249979296, 0.3218479470923663, 0.32734768024553651]
[0.31395876323630756, 0.3070122504453805, 0.31402293249979296, 0.3218479470923663, 0.32734768024553651, 0.31812311701538737]
[0.3070122504453805, 0.31402293249979296, 0.3218479470923663, 0.32734768024553651, 0.31812311701538737, 0.31675241481432131]
[0.31402293249979296, 0.3218479470923663, 0.32734768024553651, 0.31812311701538737, 0.31675241481432131, 0.32259831009254303]
[0.3218479470923663, 0.32734768024553651, 0.31812311701538737, 0.31675241481432131, 0.32259831009254303, 0.32782100752183807]
[0.32734768024553651, 0.31812311701538737, 0.31675241481432131, 0.32259831009254303, 0.32782100752183807, 0.31666862520104472]
[0.31812311701538737, 0.31675241481432131, 0.32259831009254303, 0.32782100752183807, 0.31666862520104472, 0.31395876323630756]
[0.31675241481432131, 0.32259831009254303, 0.32782100752183807, 0.31666862520104472, 0.31395876323630756, 0.31948045149763904]
[0.32259831009254303, 0.32782100752183807, 0.31666862520104472, 0.31395876323630756, 0.31948045149763904, 0.31034602214530915]
[0.32782100752183807, 0.31666862520104472, 0.31395876323630756, 0.31948045149763904, 0.31034602214530915, 0.31934201623295788]
[0.31666862520104472, 0.31395876323630756, 0.31948045149763904, 0.31034602214530915, 0.31934201623295788, 0.31413249057795162]
[0.31395876323630756, 0.31948045149763904, 0.31034602214530915, 0.31934201623295788, 0.31413249057795162, 0.29350735145004042]
[0.31948045149763904, 0.31034602214530915, 0.31934201623295788, 0.31413249057795162, 0.29350735145004042, 0.29623869156302507]
[0.31034602214530915, 0.31934201623295788, 0.31413249057795162, 0.29350735145004042, 0.29623869156302507, 0.30843375980417453]
[0.31934201623295788, 0.31413249057795162, 0.29350735145004042, 0.29623869156302507, 0.30843375980417453, 0.29090715735943784]
[0.31413249057795162, 0.29350735145004042, 0.29623869156302507, 0.30843375980417453, 0.29090715735943784, 0.29575557170764172]
[0.29350735145004042, 0.29623869156302507, 0.30843375980417453, 0.29090715735943784, 0.29575557170764172, 0.30249605551594366]
[0.29623869156302507, 0.30843375980417453, 0.29090715735943784, 0.29575557170764172, 0.30249605551594366, 0.30379981617422824]
[0.30843375980417453, 0.29090715735943784, 0.29575557170764172, 0.30249605551594366, 0.30379981617422824, 0.29490614192964448]
[0.29090715735943784, 0.29575557170764172, 0.30249605551594366, 0.30379981617422824, 0.29490614192964448, 0.32184303413142001]
[0.29575557170764172, 0.30249605551594366, 0.30379981617422824, 0.29490614192964448, 0.32184303413142001, 0.30944045142796883]
[0.30249605551594366, 0.30379981617422824, 0.29490614192964448, 0.32184303413142001, 0.30944045142796883, 0.31417041803831736]
[0.30379981617422824, 0.29490614192964448, 0.32184303413142001, 0.30944045142796883, 0.31417041803831736, 0.32652937101727175]
[0.29490614192964448, 0.32184303413142001, 0.30944045142796883, 0.31417041803831736, 0.32652937101727175, 0.33193751181921538]
[0.32184303413142001, 0.30944045142796883, 0.31417041803831736, 0.32652937101727175, 0.33193751181921538, 0.32514193421452453]
[0.30944045142796883, 0.31417041803831736, 0.32652937101727175, 0.33193751181921538, 0.32514193421452453, 0.34033320397964301]
[0.31417041803831736, 0.32652937101727175, 0.33193751181921538, 0.32514193421452453, 0.34033320397964301, 0.29904836171271865]
[0.32652937101727175, 0.33193751181921538, 0.32514193421452453, 0.34033320397964301, 0.29904836171271865, 0.31968782050307243]
[0.33193751181921538, 0.32514193421452453, 0.34033320397964301, 0.29904836171271865, 0.31968782050307243, 0.30657739491050295]
[0.32514193421452453, 0.34033320397964301, 0.29904836171271865, 0.31968782050307243, 0.30657739491050295, 0.31050720014137573]
[0.34033320397964301, 0.29904836171271865, 0.31968782050307243, 0.30657739491050295, 0.31050720014137573, 0.31491794422575287]
[0.29904836171271865, 0.31968782050307243, 0.30657739491050295, 0.31050720014137573, 0.31491794422575287, 0.28446328196916626]
[0.31968782050307243, 0.30657739491050295, 0.31050720014137573, 0.31491794422575287, 0.28446328196916626, 0.303167446469985]
[0.30657739491050295, 0.31050720014137573, 0.31491794422575287, 0.28446328196916626, 0.303167446469985, 0.30574869159294349]
[0.31050720014137573, 0.31491794422575287, 0.28446328196916626, 0.303167446469985, 0.30574869159294349, 0.3136997729588139]
[0.31491794422575287, 0.28446328196916626, 0.303167446469985, 0.30574869159294349, 0.3136997729588139, 0.33889631208310017]
[0.28446328196916626, 0.303167446469985, 0.30574869159294349, 0.3136997729588139, 0.33889631208310017, 0.32595251900834121]
[0.303167446469985, 0.30574869159294349, 0.3136997729588139, 0.33889631208310017, 0.32595251900834121, 0.33619762097990941]
[0.30574869159294349, 0.3136997729588139, 0.33889631208310017, 0.32595251900834121, 0.33619762097990941, 0.33086394144220865]
[0.3136997729588139, 0.33889631208310017, 0.32595251900834121, 0.33619762097990941, 0.33086394144220865, 0.32791344967856423]
[0.33889631208310017, 0.32595251900834121, 0.33619762097990941, 0.33086394144220865, 0.32791344967856423, 0.31864111993160327]
[0.32595251900834121, 0.33619762097990941, 0.33086394144220865, 0.32791344967856423, 0.31864111993160327, 0.29604441082721888]
[0.33619762097990941, 0.33086394144220865, 0.32791344967856423, 0.31864111993160327, 0.29604441082721888, 0.29227770330664371]
[0.33086394144220865, 0.32791344967856423, 0.31864111993160327, 0.29604441082721888, 0.29227770330664371, 0.30636502799592275]
[0.32791344967856423, 0.31864111993160327, 0.29604441082721888, 0.29227770330664371, 0.30636502799592275, 0.30416381166683504]
[0.31864111993160327, 0.29604441082721888, 0.29227770330664371, 0.30636502799592275, 0.30416381166683504, 0.31500020678083884]
[0.29604441082721888, 0.29227770330664371, 0.30636502799592275, 0.30416381166683504, 0.31500020678083884, 0.29465627985376031]
[0.29227770330664371, 0.30636502799592275, 0.30416381166683504, 0.31500020678083884, 0.29465627985376031, 0.3126864669023901]
[0.30636502799592275, 0.30416381166683504, 0.31500020678083884, 0.29465627985376031, 0.3126864669023901, 0.32778329838553943]
[0.30416381166683504, 0.31500020678083884, 0.29465627985376031, 0.3126864669023901, 0.32778329838553943, 0.3362449941320198]
[0.31500020678083884, 0.29465627985376031, 0.3126864669023901, 0.32778329838553943, 0.3362449941320198, 0.31848342495274562]
[0.29465627985376031, 0.3126864669023901, 0.32778329838553943, 0.3362449941320198, 0.31848342495274562, 0.31959018821026952]
[0.3126864669023901, 0.32778329838553943, 0.3362449941320198, 0.31848342495274562, 0.31959018821026952, 0.31660660724555417]
[0.32778329838553943, 0.3362449941320198, 0.31848342495274562, 0.31959018821026952, 0.31660660724555417, 0.31667157655653083]
[0.3362449941320198, 0.31848342495274562, 0.31959018821026952, 0.31660660724555417, 0.31667157655653083, 0.3197575201032492]
[0.31848342495274562, 0.31959018821026952, 0.31660660724555417, 0.31667157655653083, 0.3197575201032492, 0.31812311701538737]
[0.31959018821026952, 0.31660660724555417, 0.31667157655653083, 0.3197575201032492, 0.31812311701538737, 0.31250722277745102]
[0.31660660724555417, 0.31667157655653083, 0.3197575201032492, 0.31812311701538737, 0.31250722277745102, 0.31785035968258163]
[0.31667157655653083, 0.3197575201032492, 0.31812311701538737, 0.31250722277745102, 0.31785035968258163, 0.32562506693003634]
[0.3197575201032492, 0.31812311701538737, 0.31250722277745102, 0.31785035968258163, 0.32562506693003634, 0.32659049074542057]
[0.31812311701538737, 0.31250722277745102, 0.31785035968258163, 0.32562506693003634, 0.32659049074542057, 0.30195188023426622]
[0.31250722277745102, 0.31785035968258163, 0.32562506693003634, 0.32659049074542057, 0.30195188023426622, 0.29430979568572235]
[0.31785035968258163, 0.32562506693003634, 0.32659049074542057, 0.30195188023426622, 0.29430979568572235, 0.30650140077315047]
[0.32562506693003634, 0.32659049074542057, 0.30195188023426622, 0.29430979568572235, 0.30650140077315047, 0.31009751073723313]
[0.32659049074542057, 0.30195188023426622, 0.29430979568572235, 0.30650140077315047, 0.31009751073723313, 0.2982848601189475]
[0.30195188023426622, 0.29430979568572235, 0.30650140077315047, 0.31009751073723313, 0.2982848601189475, 0.30398397546063782]
[0.29430979568572235, 0.30650140077315047, 0.31009751073723313, 0.2982848601189475, 0.30398397546063782, 0.29143225772818027]
[0.30650140077315047, 0.31009751073723313, 0.2982848601189475, 0.30398397546063782, 0.29143225772818027, 0.31158913218793077]
[0.31009751073723313, 0.2982848601189475, 0.30398397546063782, 0.29143225772818027, 0.31158913218793077, 0.29572587330704336]
[0.2982848601189475, 0.30398397546063782, 0.29143225772818027, 0.31158913218793077, 0.29572587330704336, 0.28517506282913341]
[0.30398397546063782, 0.29143225772818027, 0.31158913218793077, 0.29572587330704336, 0.28517506282913341, 0.29175367443132416]
[0.29143225772818027, 0.31158913218793077, 0.29572587330704336, 0.28517506282913341, 0.29175367443132416, 0.28972295675334236]
[0.31158913218793077, 0.29572587330704336, 0.28517506282913341, 0.29175367443132416, 0.28972295675334236, 0.30308915331694763]
[0.29572587330704336, 0.28517506282913341, 0.29175367443132416, 0.28972295675334236, 0.30308915331694763, 0.27959874457714684]
[0.28517506282913341, 0.29175367443132416, 0.28972295675334236, 0.30308915331694763, 0.27959874457714684, 0.30776617442423915]
[0.29175367443132416, 0.28972295675334236, 0.30308915331694763, 0.27959874457714684, 0.30776617442423915, 0.26754280299935695]
[0.28972295675334236, 0.30308915331694763, 0.27959874457714684, 0.30776617442423915, 0.26754280299935695, 0.30087808686013301]
[0.30308915331694763, 0.27959874457714684, 0.30776617442423915, 0.26754280299935695, 0.30087808686013301, 0.26375698367489397]
[0.27959874457714684, 0.30776617442423915, 0.26754280299935695, 0.30087808686013301, 0.26375698367489397, 0.2684524122939832]
[0.30776617442423915, 0.26754280299935695, 0.30087808686013301, 0.26375698367489397, 0.2684524122939832, 0.28839893047233467]
[0.26754280299935695, 0.30087808686013301, 0.26375698367489397, 0.2684524122939832, 0.28839893047233467, 0.29887682566407436]
[0.30087808686013301, 0.26375698367489397, 0.2684524122939832, 0.28839893047233467, 0.29887682566407436, 0.30012292587514028]
[0.26375698367489397, 0.2684524122939832, 0.28839893047233467, 0.29887682566407436, 0.30012292587514028, 0.31385780617106135]
[0.2684524122939832, 0.28839893047233467, 0.29887682566407436, 0.30012292587514028, 0.31385780617106135, 0.28110776342018373]
[0.28839893047233467, 0.29887682566407436, 0.30012292587514028, 0.31385780617106135, 0.28110776342018373, 0.27173609478538963]
[0.29887682566407436, 0.30012292587514028, 0.31385780617106135, 0.28110776342018373, 0.27173609478538963, 0.27807611388989284]
[0.30012292587514028, 0.31385780617106135, 0.28110776342018373, 0.27173609478538963, 0.27807611388989284, 0.26109295922260412]
[0.31385780617106135, 0.28110776342018373, 0.27173609478538963, 0.27807611388989284, 0.26109295922260412, 0.28280457114232782]
[0.28110776342018373, 0.27173609478538963, 0.27807611388989284, 0.26109295922260412, 0.28280457114232782, 0.28802591267621358]
[0.27173609478538963, 0.27807611388989284, 0.26109295922260412, 0.28280457114232782, 0.28802591267621358, 0.27683476857924028]
[0.27807611388989284, 0.26109295922260412, 0.28280457114232782, 0.28802591267621358, 0.27683476857924028, 0.30432390224742922]
[0.26109295922260412, 0.28280457114232782, 0.28802591267621358, 0.27683476857924028, 0.30432390224742922, 0.31216369074363715]
[0.28280457114232782, 0.28802591267621358, 0.27683476857924028, 0.30432390224742922, 0.31216369074363715, 0.3104005266629522]
[0.28802591267621358, 0.27683476857924028, 0.30432390224742922, 0.31216369074363715, 0.3104005266629522, 0.31732172562803879]
[0.27683476857924028, 0.30432390224742922, 0.31216369074363715, 0.3104005266629522, 0.31732172562803879, 0.32172744675663412]
[0.30432390224742922, 0.31216369074363715, 0.3104005266629522, 0.31732172562803879, 0.32172744675663412, 0.30943006779573101]
[0.31216369074363715, 0.3104005266629522, 0.31732172562803879, 0.32172744675663412, 0.30943006779573101, 0.32483773884478878]
[0.3104005266629522, 0.31732172562803879, 0.32172744675663412, 0.30943006779573101, 0.32483773884478878, 0.30643812022086714]
[0.31732172562803879, 0.32172744675663412, 0.30943006779573101, 0.32483773884478878, 0.30643812022086714, 0.30410820211656436]
[0.32172744675663412, 0.30943006779573101, 0.32483773884478878, 0.30643812022086714, 0.30410820211656436, 0.29418000939954814]
[0.30943006779573101, 0.32483773884478878, 0.30643812022086714, 0.30410820211656436, 0.29418000939954814, 0.29236310406124888]
[0.32483773884478878, 0.30643812022086714, 0.30410820211656436, 0.29418000939954814, 0.29236310406124888, 0.29056657801448993]
[0.30643812022086714, 0.30410820211656436, 0.29418000939954814, 0.29236310406124888, 0.29056657801448993, 0.29257217605438185]
[0.30410820211656436, 0.29418000939954814, 0.29236310406124888, 0.29056657801448993, 0.29257217605438185, 0.29396697317709053]
[0.29418000939954814, 0.29236310406124888, 0.29056657801448993, 0.29257217605438185, 0.29396697317709053, 0.29526313041053553]
[0.29236310406124888, 0.29056657801448993, 0.29257217605438185, 0.29396697317709053, 0.29526313041053553, 0.31037736733879251]
[0.29056657801448993, 0.29257217605438185, 0.29396697317709053, 0.29526313041053553, 0.31037736733879251, 0.2921587396917098]
[0.29257217605438185, 0.29396697317709053, 0.29526313041053553, 0.31037736733879251, 0.2921587396917098, 0.32488589827386255]
[0.29396697317709053, 0.29526313041053553, 0.31037736733879251, 0.2921587396917098, 0.32488589827386255, 0.32195364973542206]
[0.29526313041053553, 0.31037736733879251, 0.2921587396917098, 0.32488589827386255, 0.32195364973542206, 0.33102499811431146]
[0.31037736733879251, 0.2921587396917098, 0.32488589827386255, 0.32195364973542206, 0.33102499811431146, 0.32009014379381762]
[0.2921587396917098, 0.32488589827386255, 0.32195364973542206, 0.33102499811431146, 0.32009014379381762, 0.32918836945918167]
[0.32488589827386255, 0.32195364973542206, 0.33102499811431146, 0.32009014379381762, 0.32918836945918167, 0.32421490408252956]
[0.32195364973542206, 0.33102499811431146, 0.32009014379381762, 0.32918836945918167, 0.32421490408252956, 0.32670039730751421]
[0.33102499811431146, 0.32009014379381762, 0.32918836945918167, 0.32421490408252956, 0.32670039730751421, 0.32124836084814207]
[0.32009014379381762, 0.32918836945918167, 0.32421490408252956, 0.32670039730751421, 0.32124836084814207, 0.33872441155475108]
[0.32918836945918167, 0.32421490408252956, 0.32670039730751421, 0.32124836084814207, 0.33872441155475108, 0.3261840484335245]
[0.32421490408252956, 0.32670039730751421, 0.32124836084814207, 0.33872441155475108, 0.3261840484335245, 0.32300724132670189]
[0.32670039730751421, 0.32124836084814207, 0.33872441155475108, 0.3261840484335245, 0.32300724132670189, 0.3137805241822651]
[0.32124836084814207, 0.33872441155475108, 0.3261840484335245, 0.32300724132670189, 0.3137805241822651, 0.2828250419039865]
[0.33872441155475108, 0.3261840484335245, 0.32300724132670189, 0.3137805241822651, 0.2828250419039865, 0.29578397782759602]
[0.3261840484335245, 0.32300724132670189, 0.3137805241822651, 0.2828250419039865, 0.29578397782759602, 0.2893599402814897]
[0.32300724132670189, 0.3137805241822651, 0.2828250419039865, 0.29578397782759602, 0.2893599402814897, 0.28661295961847622]
[0.3137805241822651, 0.2828250419039865, 0.29578397782759602, 0.2893599402814897, 0.28661295961847622, 0.28487304352358567]
[0.2828250419039865, 0.29578397782759602, 0.2893599402814897, 0.28661295961847622, 0.28487304352358567, 0.32129789433252232]
[0.29578397782759602, 0.2893599402814897, 0.28661295961847622, 0.28487304352358567, 0.32129789433252232, 0.30784790364538428]
[0.2893599402814897, 0.28661295961847622, 0.28487304352358567, 0.32129789433252232, 0.30784790364538428, 0.30200683529353722]
[0.28661295961847622, 0.28487304352358567, 0.32129789433252232, 0.30784790364538428, 0.30200683529353722, 0.28219300791400592]
[0.28487304352358567, 0.32129789433252232, 0.30784790364538428, 0.30200683529353722, 0.28219300791400592, 0.30449456339790182]
[0.32129789433252232, 0.30784790364538428, 0.30200683529353722, 0.28219300791400592, 0.30449456339790182, 0.29276821760015614]
[0.30784790364538428, 0.30200683529353722, 0.28219300791400592, 0.30449456339790182, 0.29276821760015614, 0.3129566919698421]
[0.30200683529353722, 0.28219300791400592, 0.30449456339790182, 0.29276821760015614, 0.3129566919698421, 0.32568498642250204]
[0.28219300791400592, 0.30449456339790182, 0.29276821760015614, 0.3129566919698421, 0.32568498642250204, 0.32287492466236578]
[0.30449456339790182, 0.29276821760015614, 0.3129566919698421, 0.32568498642250204, 0.32287492466236578, 0.32802573404412971]
[0.29276821760015614, 0.3129566919698421, 0.32568498642250204, 0.32287492466236578, 0.32802573404412971, 0.32720230469038514]
[0.3129566919698421, 0.32568498642250204, 0.32287492466236578, 0.32802573404412971, 0.32720230469038514, 0.30802554781041602]
[0.32568498642250204, 0.32287492466236578, 0.32802573404412971, 0.32720230469038514, 0.30802554781041602, 0.30569206497989587]
[0.32287492466236578, 0.32802573404412971, 0.32720230469038514, 0.30802554781041602, 0.30569206497989587, 0.28262591405915616]
[0.32802573404412971, 0.32720230469038514, 0.30802554781041602, 0.30569206497989587, 0.28262591405915616, 0.33450639195687992]
[0.32720230469038514, 0.30802554781041602, 0.30569206497989587, 0.28262591405915616, 0.33450639195687992, 0.29491007739133079]
[0.30802554781041602, 0.30569206497989587, 0.28262591405915616, 0.33450639195687992, 0.29491007739133079, 0.30459229105455243]
[0.30569206497989587, 0.28262591405915616, 0.33450639195687992, 0.29491007739133079, 0.30459229105455243, 0.30447050555168109]
[0.28262591405915616, 0.33450639195687992, 0.29491007739133079, 0.30459229105455243, 0.30447050555168109, 0.2990259973719871]
[0.33450639195687992, 0.29491007739133079, 0.30459229105455243, 0.30447050555168109, 0.2990259973719871, 0.33547648591605417]
[0.29491007739133079, 0.30459229105455243, 0.30447050555168109, 0.2990259973719871, 0.33547648591605417, 0.29477283956293543]
[0.30459229105455243, 0.30447050555168109, 0.2990259973719871, 0.33547648591605417, 0.29477283956293543, 0.31066147641241093]
[0.30447050555168109, 0.2990259973719871, 0.33547648591605417, 0.29477283956293543, 0.31066147641241093, 0.31554284188910342]
[0.2990259973719871, 0.33547648591605417, 0.29477283956293543, 0.31066147641241093, 0.31554284188910342, 0.31870485914605479]
[0.33547648591605417, 0.29477283956293543, 0.31066147641241093, 0.31554284188910342, 0.31870485914605479, 0.30954825430983535]
[0.29477283956293543, 0.31066147641241093, 0.31554284188910342, 0.31870485914605479, 0.30954825430983535, 0.30792605287325869]
[0.31066147641241093, 0.31554284188910342, 0.31870485914605479, 0.30954825430983535, 0.30792605287325869, 0.31250390460053851]
[0.31554284188910342, 0.31870485914605479, 0.30954825430983535, 0.30792605287325869, 0.31250390460053851, 0.30451064117211335]
[0.31870485914605479, 0.30954825430983535, 0.30792605287325869, 0.31250390460053851, 0.30451064117211335, 0.26616589015963849]
[0.30954825430983535, 0.30792605287325869, 0.31250390460053851, 0.30451064117211335, 0.26616589015963849, 0.2895643614297857]
[0.30792605287325869, 0.31250390460053851, 0.30451064117211335, 0.26616589015963849, 0.2895643614297857, 0.29589458200587487]
[0.31250390460053851, 0.30451064117211335, 0.26616589015963849, 0.2895643614297857, 0.29589458200587487, 0.27645157771361784]
[0.30451064117211335, 0.26616589015963849, 0.2895643614297857, 0.29589458200587487, 0.27645157771361784, 0.28475286588134019]
[0.26616589015963849, 0.2895643614297857, 0.29589458200587487, 0.27645157771361784, 0.28475286588134019, 0.27611842378454454]
[0.2895643614297857, 0.29589458200587487, 0.27645157771361784, 0.28475286588134019, 0.27611842378454454, 0.29284816696624155]
[0.29589458200587487, 0.27645157771361784, 0.28475286588134019, 0.27611842378454454, 0.29284816696624155, 0.2798582605400855]
[0.27645157771361784, 0.28475286588134019, 0.27611842378454454, 0.29284816696624155, 0.2798582605400855, 0.29108552251164288]
[0.28475286588134019, 0.27611842378454454, 0.29284816696624155, 0.2798582605400855, 0.29108552251164288, 0.28761325070554167]
[0.27611842378454454, 0.29284816696624155, 0.2798582605400855, 0.29108552251164288, 0.28761325070554167, 0.26789750214742347]
[0.29284816696624155, 0.2798582605400855, 0.29108552251164288, 0.28761325070554167, 0.26789750214742347, 0.29545667432693379]
[0.2798582605400855, 0.29108552251164288, 0.28761325070554167, 0.26789750214742347, 0.29545667432693379, 0.27899100036653574]
[0.29108552251164288, 0.28761325070554167, 0.26789750214742347, 0.29545667432693379, 0.27899100036653574, 0.27989814254321016]
[0.28761325070554167, 0.26789750214742347, 0.29545667432693379, 0.27899100036653574, 0.27989814254321016, 0.27610770284621294]
[0.26789750214742347, 0.29545667432693379, 0.27899100036653574, 0.27989814254321016, 0.27610770284621294, 0.32006250238454831]
[0.29545667432693379, 0.27899100036653574, 0.27989814254321016, 0.27610770284621294, 0.32006250238454831, 0.29101928975904162]
[0.27899100036653574, 0.27989814254321016, 0.27610770284621294, 0.32006250238454831, 0.29101928975904162, 0.31740129189429001]
[0.27989814254321016, 0.27610770284621294, 0.32006250238454831, 0.29101928975904162, 0.31740129189429001, 0.30572361416653621]
[0.27610770284621294, 0.32006250238454831, 0.29101928975904162, 0.31740129189429001, 0.30572361416653621, 0.30103788907746309]
[0.32006250238454831, 0.29101928975904162, 0.31740129189429001, 0.30572361416653621, 0.30103788907746309, 0.30262696890693203]
[0.29101928975904162, 0.31740129189429001, 0.30572361416653621, 0.30103788907746309, 0.30262696890693203, 0.305663163116002]
[0.31740129189429001, 0.30572361416653621, 0.30103788907746309, 0.30262696890693203, 0.305663163116002, 0.30261819009538904]
[0.30572361416653621, 0.30103788907746309, 0.30262696890693203, 0.305663163116002, 0.30261819009538904, 0.2520410555065028]
[0.30103788907746309, 0.30262696890693203, 0.305663163116002, 0.30261819009538904, 0.2520410555065028, 0.30120851033539231]
[0.30262696890693203, 0.305663163116002, 0.30261819009538904, 0.2520410555065028, 0.30120851033539231, 0.28520486244544441]
[0.305663163116002, 0.30261819009538904, 0.2520410555065028, 0.30120851033539231, 0.28520486244544441, 0.28435016137071445]
[0.30261819009538904, 0.2520410555065028, 0.30120851033539231, 0.28520486244544441, 0.28435016137071445, 0.27920235710639701]
[0.2520410555065028, 0.30120851033539231, 0.28520486244544441, 0.28435016137071445, 0.27920235710639701, 0.28941471659953194]
[0.30120851033539231, 0.28520486244544441, 0.28435016137071445, 0.27920235710639701, 0.28941471659953194, 0.26073544442626495]
[0.28520486244544441, 0.28435016137071445, 0.27920235710639701, 0.28941471659953194, 0.26073544442626495, 0.29754030163662692]
[0.28435016137071445, 0.27920235710639701, 0.28941471659953194, 0.26073544442626495, 0.29754030163662692, 0.28262785764131221]
[0.27920235710639701, 0.28941471659953194, 0.26073544442626495, 0.29754030163662692, 0.28262785764131221, 0.30433883518053106]
[0.28941471659953194, 0.26073544442626495, 0.29754030163662692, 0.28262785764131221, 0.30433883518053106, 0.29443380491017346]
[0.26073544442626495, 0.29754030163662692, 0.28262785764131221, 0.30433883518053106, 0.29443380491017346, 0.30609189575467288]
[0.29754030163662692, 0.28262785764131221, 0.30433883518053106, 0.29443380491017346, 0.30609189575467288, 0.30062664375108034]
[0.28262785764131221, 0.30433883518053106, 0.29443380491017346, 0.30609189575467288, 0.30062664375108034, 0.30462498732028054]
[0.30433883518053106, 0.29443380491017346, 0.30609189575467288, 0.30062664375108034, 0.30462498732028054, 0.29310513648235625]
[0.29443380491017346, 0.30609189575467288, 0.30062664375108034, 0.30462498732028054, 0.29310513648235625, 0.29524173036709112]
[0.30609189575467288, 0.30062664375108034, 0.30462498732028054, 0.29310513648235625, 0.29524173036709112, 0.30106802627133306]
[0.30062664375108034, 0.30462498732028054, 0.29310513648235625, 0.29524173036709112, 0.30106802627133306, 0.30186891189398335]
[0.30462498732028054, 0.29310513648235625, 0.29524173036709112, 0.30106802627133306, 0.30186891189398335, 0.28817928260134817]
[0.29310513648235625, 0.29524173036709112, 0.30106802627133306, 0.30186891189398335, 0.28817928260134817, 0.26416806905220613]
[0.29524173036709112, 0.30106802627133306, 0.30186891189398335, 0.28817928260134817, 0.26416806905220613, 0.27492080566755761]
[0.30106802627133306, 0.30186891189398335, 0.28817928260134817, 0.26416806905220613, 0.27492080566755761, 0.28959761015434804]
[0.30186891189398335, 0.28817928260134817, 0.26416806905220613, 0.27492080566755761, 0.28959761015434804, 0.26569577994620197]
[0.28817928260134817, 0.26416806905220613, 0.27492080566755761, 0.28959761015434804, 0.26569577994620197, 0.28902526417431473]
[0.26416806905220613, 0.27492080566755761, 0.28959761015434804, 0.26569577994620197, 0.28902526417431473, 0.27743032851292737]
[0.27492080566755761, 0.28959761015434804, 0.26569577994620197, 0.28902526417431473, 0.27743032851292737, 0.28283447953514251]
[0.28959761015434804, 0.26569577994620197, 0.28902526417431473, 0.27743032851292737, 0.28283447953514251, 0.29621210569990319]
[0.26569577994620197, 0.28902526417431473, 0.27743032851292737, 0.28283447953514251, 0.29621210569990319, 0.29104066031111153]
[0.28902526417431473, 0.27743032851292737, 0.28283447953514251, 0.29621210569990319, 0.29104066031111153, 0.28908970389950595]
[0.27743032851292737, 0.28283447953514251, 0.29621210569990319, 0.29104066031111153, 0.28908970389950595, 0.28434662597728388]
[0.28283447953514251, 0.29621210569990319, 0.29104066031111153, 0.28908970389950595, 0.28434662597728388, 0.29781882464474269]
[0.29621210569990319, 0.29104066031111153, 0.28908970389950595, 0.28434662597728388, 0.29781882464474269, 0.30101370291767732]
[0.29104066031111153, 0.28908970389950595, 0.28434662597728388, 0.29781882464474269, 0.30101370291767732, 0.28115478114453918]
[0.28908970389950595, 0.28434662597728388, 0.29781882464474269, 0.30101370291767732, 0.28115478114453918, 0.27016665512875637]
[0.28434662597728388, 0.29781882464474269, 0.30101370291767732, 0.28115478114453918, 0.27016665512875637, 0.29168468492137223]
[0.29781882464474269, 0.30101370291767732, 0.28115478114453918, 0.27016665512875637, 0.29168468492137223, 0.29041536579030064]
[0.30101370291767732, 0.28115478114453918, 0.27016665512875637, 0.29168468492137223, 0.29041536579030064, 0.29809428348869527]
[0.28115478114453918, 0.27016665512875637, 0.29168468492137223, 0.29041536579030064, 0.29809428348869527, 0.30553344409792332]
[0.27016665512875637, 0.29168468492137223, 0.29041536579030064, 0.29809428348869527, 0.30553344409792332, 0.29331213815108659]
[0.29168468492137223, 0.29041536579030064, 0.29809428348869527, 0.30553344409792332, 0.29331213815108659, 0.26762884413545096]
[0.29041536579030064, 0.29809428348869527, 0.30553344409792332, 0.29331213815108659, 0.26762884413545096, 0.28893209301192779]
[0.29809428348869527, 0.30553344409792332, 0.29331213815108659, 0.26762884413545096, 0.28893209301192779, 0.2692204421521458]
[0.30553344409792332, 0.29331213815108659, 0.26762884413545096, 0.28893209301192779, 0.2692204421521458, 0.31201667393021826]
[0.29331213815108659, 0.26762884413545096, 0.28893209301192779, 0.2692204421521458, 0.31201667393021826, 0.28444381513633532]
[0.26762884413545096, 0.28893209301192779, 0.2692204421521458, 0.31201667393021826, 0.28444381513633532, 0.30124610729571166]
[0.28893209301192779, 0.2692204421521458, 0.31201667393021826, 0.28444381513633532, 0.30124610729571166, 0.27833175462685]
[0.2692204421521458, 0.31201667393021826, 0.28444381513633532, 0.30124610729571166, 0.27833175462685, 0.28819898855901527]
[0.31201667393021826, 0.28444381513633532, 0.30124610729571166, 0.27833175462685, 0.28819898855901527, 0.29314830994315244]
[0.28444381513633532, 0.30124610729571166, 0.27833175462685, 0.28819898855901527, 0.29314830994315244, 0.27544720185203186]
[0.30124610729571166, 0.27833175462685, 0.28819898855901527, 0.29314830994315244, 0.27544720185203186, 0.2945017108237406]
[0.27833175462685, 0.28819898855901527, 0.29314830994315244, 0.27544720185203186, 0.2945017108237406, 0.279537737575145]
[0.28819898855901527, 0.29314830994315244, 0.27544720185203186, 0.2945017108237406, 0.279537737575145, 0.25486539867419183]
[0.29314830994315244, 0.27544720185203186, 0.2945017108237406, 0.279537737575145, 0.25486539867419183, 0.27008437402478891]
[0.27544720185203186, 0.2945017108237406, 0.279537737575145, 0.25486539867419183, 0.27008437402478891, 0.27771876048949484]
[0.2945017108237406, 0.279537737575145, 0.25486539867419183, 0.27008437402478891, 0.27771876048949484, 0.28787514394507108]
[0.279537737575145, 0.25486539867419183, 0.27008437402478891, 0.27771876048949484, 0.28787514394507108, 0.29699587863149596]
[0.25486539867419183, 0.27008437402478891, 0.27771876048949484, 0.28787514394507108, 0.29699587863149596, 0.26735649236235837]
[0.27008437402478891, 0.27771876048949484, 0.28787514394507108, 0.29699587863149596, 0.26735649236235837, 0.29110844371669609]
[0.27771876048949484, 0.28787514394507108, 0.29699587863149596, 0.26735649236235837, 0.29110844371669609, 0.29647957243486611]
[0.28787514394507108, 0.29699587863149596, 0.26735649236235837, 0.29110844371669609, 0.29647957243486611, 0.28781564017538747]
[0.29699587863149596, 0.26735649236235837, 0.29110844371669609, 0.29647957243486611, 0.28781564017538747, 0.29340124037206544]
[0.26735649236235837, 0.29110844371669609, 0.29647957243486611, 0.28781564017538747, 0.29340124037206544, 0.26687597505075566]
[0.29110844371669609, 0.29647957243486611, 0.28781564017538747, 0.29340124037206544, 0.26687597505075566, 0.29070053561480069]
[0.29647957243486611, 0.28781564017538747, 0.29340124037206544, 0.26687597505075566, 0.29070053561480069, 0.30945815677748401]
[0.28781564017538747, 0.29340124037206544, 0.26687597505075566, 0.29070053561480069, 0.30945815677748401, 0.27996222325012832]
[0.29340124037206544, 0.26687597505075566, 0.29070053561480069, 0.30945815677748401, 0.27996222325012832, 0.29511823595808861]
[0.26687597505075566, 0.29070053561480069, 0.30945815677748401, 0.27996222325012832, 0.29511823595808861, 0.27626861440287209]
[0.29070053561480069, 0.30945815677748401, 0.27996222325012832, 0.29511823595808861, 0.27626861440287209, 0.28339519179472927]
[0.30945815677748401, 0.27996222325012832, 0.29511823595808861, 0.27626861440287209, 0.28339519179472927, 0.31002324327768915]
[0.27996222325012832, 0.29511823595808861, 0.27626861440287209, 0.28339519179472927, 0.31002324327768915, 0.31424358102242211]
[0.29511823595808861, 0.27626861440287209, 0.28339519179472927, 0.31002324327768915, 0.31424358102242211, 0.32755462809643132]
[0.27626861440287209, 0.28339519179472927, 0.31002324327768915, 0.31424358102242211, 0.32755462809643132, 0.30822621587646859]
[0.28339519179472927, 0.31002324327768915, 0.31424358102242211, 0.32755462809643132, 0.30822621587646859, 0.33226026953145094]
[0.31002324327768915, 0.31424358102242211, 0.32755462809643132, 0.30822621587646859, 0.33226026953145094, 0.32459579735764932]
[0.31424358102242211, 0.32755462809643132, 0.30822621587646859, 0.33226026953145094, 0.32459579735764932, 0.32121803454228037]
[0.32755462809643132, 0.30822621587646859, 0.33226026953145094, 0.32459579735764932, 0.32121803454228037, 0.30781216808756007]
[0.30822621587646859, 0.33226026953145094, 0.32459579735764932, 0.32121803454228037, 0.30781216808756007, 0.30301135290478931]
[0.33226026953145094, 0.32459579735764932, 0.32121803454228037, 0.30781216808756007, 0.30301135290478931, 0.30115539954353027]
[0.32459579735764932, 0.32121803454228037, 0.30781216808756007, 0.30301135290478931, 0.30115539954353027, 0.31925457134785279]
[0.32121803454228037, 0.30781216808756007, 0.30301135290478931, 0.30115539954353027, 0.31925457134785279, 0.30493110991914429]
[0.30781216808756007, 0.30301135290478931, 0.30115539954353027, 0.31925457134785279, 0.30493110991914429, 0.29466131260206246]
[0.30301135290478931, 0.30115539954353027, 0.31925457134785279, 0.30493110991914429, 0.29466131260206246, 0.27817938019373478]
[0.30115539954353027, 0.31925457134785279, 0.30493110991914429, 0.29466131260206246, 0.27817938019373478, 0.29623777783439803]
[0.31925457134785279, 0.30493110991914429, 0.29466131260206246, 0.27817938019373478, 0.29623777783439803, 0.3105948075131994]
[0.30493110991914429, 0.29466131260206246, 0.27817938019373478, 0.29623777783439803, 0.3105948075131994, 0.30464684683919097]
[0.29466131260206246, 0.27817938019373478, 0.29623777783439803, 0.3105948075131994, 0.30464684683919097, 0.27350464199573049]
[0.27817938019373478, 0.29623777783439803, 0.3105948075131994, 0.30464684683919097, 0.27350464199573049, 0.28933163373308313]
[0.29623777783439803, 0.3105948075131994, 0.30464684683919097, 0.27350464199573049, 0.28933163373308313, 0.25899799019581632]
[0.3105948075131994, 0.30464684683919097, 0.27350464199573049, 0.28933163373308313, 0.25899799019581632, 0.35868076841439178]
[0.30464684683919097, 0.27350464199573049, 0.28933163373308313, 0.25899799019581632, 0.35868076841439178, 0.32232899899851086]
[0.27350464199573049, 0.28933163373308313, 0.25899799019581632, 0.35868076841439178, 0.32232899899851086, 0.41596481791991591]
[0.28933163373308313, 0.25899799019581632, 0.35868076841439178, 0.32232899899851086, 0.41596481791991591, 0.38134242176403399]
[0.25899799019581632, 0.35868076841439178, 0.32232899899851086, 0.41596481791991591, 0.38134242176403399, 0.32058630942290101]
[0.35868076841439178, 0.32232899899851086, 0.41596481791991591, 0.38134242176403399, 0.32058630942290101, 0.34233430824351785]
[0.32232899899851086, 0.41596481791991591, 0.38134242176403399, 0.32058630942290101, 0.34233430824351785, 0.27761533815707012]
[0.41596481791991591, 0.38134242176403399, 0.32058630942290101, 0.34233430824351785, 0.27761533815707012, 0.24314109674443224]
[0.38134242176403399, 0.32058630942290101, 0.34233430824351785, 0.27761533815707012, 0.24314109674443224, 0.28825469595102249]
[0.32058630942290101, 0.34233430824351785, 0.27761533815707012, 0.24314109674443224, 0.28825469595102249, 0.29173331494011689]
[0.34233430824351785, 0.27761533815707012, 0.24314109674443224, 0.28825469595102249, 0.29173331494011689, 0.28421020053547374]
[0.27761533815707012, 0.24314109674443224, 0.28825469595102249, 0.29173331494011689, 0.28421020053547374, 0.2966360165185471]
[0.24314109674443224, 0.28825469595102249, 0.29173331494011689, 0.28421020053547374, 0.2966360165185471, 0.29749491689641705]
[0.28825469595102249, 0.29173331494011689, 0.28421020053547374, 0.2966360165185471, 0.29749491689641705, 0.27448875874852419]
[0.29173331494011689, 0.28421020053547374, 0.2966360165185471, 0.29749491689641705, 0.27448875874852419, 0.30286179311217082]
[0.28421020053547374, 0.2966360165185471, 0.29749491689641705, 0.27448875874852419, 0.30286179311217082, 0.30774179378373179]
[0.2966360165185471, 0.29749491689641705, 0.27448875874852419, 0.30286179311217082, 0.30774179378373179, 0.30598579677287274]
[0.29749491689641705, 0.27448875874852419, 0.30286179311217082, 0.30774179378373179, 0.30598579677287274, 0.31410482759449071]
[0.27448875874852419, 0.30286179311217082, 0.30774179378373179, 0.30598579677287274, 0.31410482759449071, 0.29636586716894164]
[0.30286179311217082, 0.30774179378373179, 0.30598579677287274, 0.31410482759449071, 0.29636586716894164, 0.29872648906231047]
[0.30774179378373179, 0.30598579677287274, 0.31410482759449071, 0.29636586716894164, 0.29872648906231047, 0.28701613550917404]
[0.30598579677287274, 0.31410482759449071, 0.29636586716894164, 0.29872648906231047, 0.28701613550917404, 0.28265302094240219]
[0.31410482759449071, 0.29636586716894164, 0.29872648906231047, 0.28701613550917404, 0.28265302094240219, 0.30003226929727306]
[0.29636586716894164, 0.29872648906231047, 0.28701613550917404, 0.28265302094240219, 0.30003226929727306, 0.28722566804030969]
[0.29872648906231047, 0.28701613550917404, 0.28265302094240219, 0.30003226929727306, 0.28722566804030969, 0.28709617495886181]
[0.28701613550917404, 0.28265302094240219, 0.30003226929727306, 0.28722566804030969, 0.28709617495886181, 0.30619036307198444]
[0.28265302094240219, 0.30003226929727306, 0.28722566804030969, 0.28709617495886181, 0.30619036307198444, 0.2954825606705771]
[0.30003226929727306, 0.28722566804030969, 0.28709617495886181, 0.30619036307198444, 0.2954825606705771, 0.29161705029378937]
[0.28722566804030969, 0.28709617495886181, 0.30619036307198444, 0.2954825606705771, 0.29161705029378937, 0.2827249854188757]
[0.28709617495886181, 0.30619036307198444, 0.2954825606705771, 0.29161705029378937, 0.2827249854188757, 0.29654033470202512]
[0.30619036307198444, 0.2954825606705771, 0.29161705029378937, 0.2827249854188757, 0.29654033470202512, 0.29795660965013149]
[0.2954825606705771, 0.29161705029378937, 0.2827249854188757, 0.29654033470202512, 0.29795660965013149, 0.28555562219228281]
[0.29161705029378937, 0.2827249854188757, 0.29654033470202512, 0.29795660965013149, 0.28555562219228281, 0.282586043983869]
[0.2827249854188757, 0.29654033470202512, 0.29795660965013149, 0.28555562219228281, 0.282586043983869, 0.30467656407121158]
[0.29654033470202512, 0.29795660965013149, 0.28555562219228281, 0.282586043983869, 0.30467656407121158, 0.3009012404931049]
[0.29795660965013149, 0.28555562219228281, 0.282586043983869, 0.30467656407121158, 0.3009012404931049, 0.29651221444974185]
[0.28555562219228281, 0.282586043983869, 0.30467656407121158, 0.3009012404931049, 0.29651221444974185, 0.30243267536281215]
[0.282586043983869, 0.30467656407121158, 0.3009012404931049, 0.29651221444974185, 0.30243267536281215, 0.30173763984973245]
[0.30467656407121158, 0.3009012404931049, 0.29651221444974185, 0.30243267536281215, 0.30173763984973245, 0.28698279953993522]
[0.3009012404931049, 0.29651221444974185, 0.30243267536281215, 0.30173763984973245, 0.28698279953993522, 0.30723227767599459]
[0.29651221444974185, 0.30243267536281215, 0.30173763984973245, 0.28698279953993522, 0.30723227767599459, 0.29564118596906225]
[0.30243267536281215, 0.30173763984973245, 0.28698279953993522, 0.30723227767599459, 0.29564118596906225, 0.3007356361721053]
[0.30173763984973245, 0.28698279953993522, 0.30723227767599459, 0.29564118596906225, 0.3007356361721053, 0.30249688860013035]
[0.28698279953993522, 0.30723227767599459, 0.29564118596906225, 0.3007356361721053, 0.30249688860013035, 0.30091496938553569]
[0.30723227767599459, 0.29564118596906225, 0.3007356361721053, 0.30249688860013035, 0.30091496938553569, 0.30840289369887308]
[0.29564118596906225, 0.3007356361721053, 0.30249688860013035, 0.30091496938553569, 0.30840289369887308, 0.29935837211459471]
[0.3007356361721053, 0.30249688860013035, 0.30091496938553569, 0.30840289369887308, 0.29935837211459471, 0.29594666037532597]
[0.30249688860013035, 0.30091496938553569, 0.30840289369887308, 0.29935837211459471, 0.29594666037532597, 0.27022075221683134]
[0.30091496938553569, 0.30840289369887308, 0.29935837211459471, 0.29594666037532597, 0.27022075221683134, 0.29535067581797325]
[0.30840289369887308, 0.29935837211459471, 0.29594666037532597, 0.27022075221683134, 0.29535067581797325, 0.28836394692515344]
[0.29935837211459471, 0.29594666037532597, 0.27022075221683134, 0.29535067581797325, 0.28836394692515344, 0.27693001490772462]
[0.29594666037532597, 0.27022075221683134, 0.29535067581797325, 0.28836394692515344, 0.27693001490772462, 0.25838959660499439]
[0.27022075221683134, 0.29535067581797325, 0.28836394692515344, 0.27693001490772462, 0.25838959660499439, 0.29571957320734688]
[0.29535067581797325, 0.28836394692515344, 0.27693001490772462, 0.25838959660499439, 0.29571957320734688, 0.28986763821522754]
[0.28836394692515344, 0.27693001490772462, 0.25838959660499439, 0.29571957320734688, 0.28986763821522754, 0.29588795382936828]
[0.27693001490772462, 0.25838959660499439, 0.29571957320734688, 0.28986763821522754, 0.29588795382936828, 0.28623177346245721]
[0.25838959660499439, 0.29571957320734688, 0.28986763821522754, 0.29588795382936828, 0.28623177346245721, 0.2887834714096269]
[0.29571957320734688, 0.28986763821522754, 0.29588795382936828, 0.28623177346245721, 0.2887834714096269, 0.28121043486485664]
[0.28986763821522754, 0.29588795382936828, 0.28623177346245721, 0.2887834714096269, 0.28121043486485664, 0.27823892675666079]
[0.29588795382936828, 0.28623177346245721, 0.2887834714096269, 0.28121043486485664, 0.27823892675666079, 0.29393034587577727]
[0.28623177346245721, 0.2887834714096269, 0.28121043486485664, 0.27823892675666079, 0.29393034587577727, 0.27744990573860689]
[0.2887834714096269, 0.28121043486485664, 0.27823892675666079, 0.29393034587577727, 0.27744990573860689, 0.28961885021212114]
[0.28121043486485664, 0.27823892675666079, 0.29393034587577727, 0.27744990573860689, 0.28961885021212114, 0.28217112174449993]
[0.27823892675666079, 0.29393034587577727, 0.27744990573860689, 0.28961885021212114, 0.28217112174449993, 0.3001927336431473]
[0.29393034587577727, 0.27744990573860689, 0.28961885021212114, 0.28217112174449993, 0.3001927336431473, 0.29476251186829894]
[0.27744990573860689, 0.28961885021212114, 0.28217112174449993, 0.3001927336431473, 0.29476251186829894, 0.28708333907633826]
[0.28961885021212114, 0.28217112174449993, 0.3001927336431473, 0.29476251186829894, 0.28708333907633826, 0.2940922675254134]
[0.28217112174449993, 0.3001927336431473, 0.29476251186829894, 0.28708333907633826, 0.2940922675254134, 0.27877666396635514]
[0.3001927336431473, 0.29476251186829894, 0.28708333907633826, 0.2940922675254134, 0.27877666396635514, 0.27678093053188002]
[0.29476251186829894, 0.28708333907633826, 0.2940922675254134, 0.27877666396635514, 0.27678093053188002, 0.29862066020908656]
[0.28708333907633826, 0.2940922675254134, 0.27877666396635514, 0.27678093053188002, 0.29862066020908656, 0.31219999663119224]
[0.2940922675254134, 0.27877666396635514, 0.27678093053188002, 0.29862066020908656, 0.31219999663119224, 0.29693613118528706]
[0.27877666396635514, 0.27678093053188002, 0.29862066020908656, 0.31219999663119224, 0.29693613118528706, 0.29338703970966712]
[0.27678093053188002, 0.29862066020908656, 0.31219999663119224, 0.29693613118528706, 0.29338703970966712, 0.25347336198768994]
[0.29862066020908656, 0.31219999663119224, 0.29693613118528706, 0.29338703970966712, 0.25347336198768994, 0.30354822697730766]
[0.31219999663119224, 0.29693613118528706, 0.29338703970966712, 0.25347336198768994, 0.30354822697730766, 0.28344655409690844]
[0.29693613118528706, 0.29338703970966712, 0.25347336198768994, 0.30354822697730766, 0.28344655409690844, 0.28509525959013216]
[0.29338703970966712, 0.25347336198768994, 0.30354822697730766, 0.28344655409690844, 0.28509525959013216, 0.29944139071065773]
[0.25347336198768994, 0.30354822697730766, 0.28344655409690844, 0.28509525959013216, 0.29944139071065773, 0.32916942617251033]
[0.30354822697730766, 0.28344655409690844, 0.28509525959013216, 0.29944139071065773, 0.32916942617251033, 0.31734560777796716]
[0.28344655409690844, 0.28509525959013216, 0.29944139071065773, 0.32916942617251033, 0.31734560777796716, 0.30031190165675414]
[0.28509525959013216, 0.29944139071065773, 0.32916942617251033, 0.31734560777796716, 0.30031190165675414, 0.2902642248345364]
[0.29944139071065773, 0.32916942617251033, 0.31734560777796716, 0.30031190165675414, 0.2902642248345364, 0.31533818440834727]
[0.32916942617251033, 0.31734560777796716, 0.30031190165675414, 0.2902642248345364, 0.31533818440834727, 0.33258636438185096]
[0.31734560777796716, 0.30031190165675414, 0.2902642248345364, 0.31533818440834727, 0.33258636438185096, 0.28392086505140252]
[0.30031190165675414, 0.2902642248345364, 0.31533818440834727, 0.33258636438185096, 0.28392086505140252, 0.29350294088392753]
[0.2902642248345364, 0.31533818440834727, 0.33258636438185096, 0.28392086505140252, 0.29350294088392753, 0.29236924775485756]
[0.31533818440834727, 0.33258636438185096, 0.28392086505140252, 0.29350294088392753, 0.29236924775485756, 0.28460798407616567]
[0.33258636438185096, 0.28392086505140252, 0.29350294088392753, 0.29236924775485756, 0.28460798407616567, 0.29984748766458641]
[0.28392086505140252, 0.29350294088392753, 0.29236924775485756, 0.28460798407616567, 0.29984748766458641, 0.29491458083473676]
[0.29350294088392753, 0.29236924775485756, 0.28460798407616567, 0.29984748766458641, 0.29491458083473676, 0.2892024922227352]
[0.29236924775485756, 0.28460798407616567, 0.29984748766458641, 0.29491458083473676, 0.2892024922227352, 0.30893323924619887]
[0.28460798407616567, 0.29984748766458641, 0.29491458083473676, 0.2892024922227352, 0.30893323924619887, 0.28833939030447675]
[0.29984748766458641, 0.29491458083473676, 0.2892024922227352, 0.30893323924619887, 0.28833939030447675, 0.30465998139659956]
[0.29491458083473676, 0.2892024922227352, 0.30893323924619887, 0.28833939030447675, 0.30465998139659956, 0.29468496626414331]
[0.2892024922227352, 0.30893323924619887, 0.28833939030447675, 0.30465998139659956, 0.29468496626414331, 0.293059515225158]
